0 0.00E+00 0.00068
0 0.00E+00 0.00068
0 0.00E+00 0.00068
0 2.00E-03 0.00074
0 2.00E-03 0.00074
0 2.00E-03 0.00074
0 2.00E-03 0.00074
0 2.00E-03 0.00074
0 2.00E-03 0.00074
0 2.00E-03 0.00074
0 2.00E-03 0.00074
0 0.00E+00 0.00068
0 0.00E+00 0.00068
10.88 2.00E-03 0.00074
10.88 2.00E-03 0.00074
10.88 2.00E-03 0.00074
10.88 2.00E-03 0.00074
10.88 2.00E-03 0.00074
10.88 2.00E-03 0.00074
10.88 2.00E-03 0.00074
10.88 2.00E-03 0.00074
10.88 0.00E+00 0.00068
10.88 0.00E+00 0.00068
10.88 0.00E+00 0.00068
10.88 0.00E+00 0.00068
10.88 0.00E+00 0.00068
10.88 0.00E+00 0.00068
10.88 -2.00E-03 0.00062
10.88 -2.00E-03 0.00062
10.88 2.00E-03 0.00074
10.88 2.00E-03 0.00074
10.88 0.00E+00 0.00068
10.88 0.00E+00 0.00068
10.88 2.00E-03 0.00074
10.88 2.00E-03 0.00074
10.88 2.00E-03 0.00074
10.88 2.00E-03 0.00074
10.88 2.00E-03 0.00074
21.75 2.00E-03 0.00074
21.75 2.00E-03 0.00074
21.75 2.00E-03 0.00074
21.75 2.00E-03 0.00074
21.75 2.00E-03 0.00074
21.75 0.00E+00 0.00068
21.75 0.00E+00 0.00068
21.75 0.00E+00 0.00068
21.75 0.00E+00 0.00068
21.75 4.00E-03 0.0008
21.75 4.00E-03 0.0008
21.75 2.00E-03 0.00074
21.75 2.00E-03 0.00074
21.75 0.00E+00 0.00068
21.75 0.00E+00 0.00068
21.75 2.00E-03 0.00074
21.75 2.00E-03 0.00074
21.75 0.00E+00 0.00068
21.75 0.00E+00 0.00068
21.75 2.00E-03 0.00074
21.75 2.00E-03 0.00074
21.75 2.00E-03 0.00074
21.75 2.00E-03 0.00074
21.75 2.00E-03 0.00074
21.75 2.00E-03 0.00074
32.63 2.00E-03 0.00074
32.63 2.00E-03 0.00074
32.63 -2.00E-03 0.00062
32.63 -2.00E-03 0.00062
32.63 2.00E-03 0.00074
32.63 2.00E-03 0.00074
32.63 0.00E+00 0.00068
32.63 0.00E+00 0.00068
32.63 2.00E-03 0.00074
32.63 2.00E-03 0.00074
32.63 0.00E+00 0.00068
32.63 0.00E+00 0.00068
32.63 2.00E-03 0.00074
32.63 2.00E-03 0.00074
32.63 0.00E+00 0.00068
32.63 0.00E+00 0.00068
32.63 2.00E-03 0.00074
32.63 2.00E-03 0.00074
32.63 2.00E-03 0.00074
32.63 2.00E-03 0.00074
32.63 2.00E-03 0.00074
32.63 2.00E-03 0.00074
32.63 2.00E-03 0.00074
32.63 2.00E-03 0.00074
32.63 0.00E+00 0.00068
43.51 0.00E+00 0.00068
43.51 2.00E-03 0.00074
43.51 2.00E-03 0.00074
43.51 2.00E-03 0.00074
43.51 2.00E-03 0.00074
43.51 2.00E-03 0.00074
43.51 2.00E-03 0.00074
43.51 2.00E-03 0.00074
43.51 2.00E-03 0.00074
43.51 2.00E-03 0.00074
43.51 2.00E-03 0.00074
43.51 2.00E-03 0.00074
43.51 2.00E-03 0.00074
43.51 2.00E-03 0.00074
43.51 2.00E-03 0.00074
43.51 2.00E-03 0.00074
43.51 2.00E-03 0.00074
43.51 4.00E-03 0.0008
43.51 4.00E-03 0.0008
43.51 2.00E-03 0.00074
43.51 2.00E-03 0.00074
43.51 2.00E-03 0.00074
43.51 2.00E-03 0.00074
43.51 2.00E-03 0.00074
43.51 2.00E-03 0.00074
54.39 0.00E+00 0.00068
54.39 0.00E+00 0.00068
54.39 2.00E-03 0.00074
54.39 2.00E-03 0.00074
54.39 2.00E-03 0.00074
54.39 2.00E-03 0.00074
54.39 2.00E-03 0.00074
54.39 2.00E-03 0.00074
54.39 0.00E+00 0.00068
54.39 0.00E+00 0.00068
54.39 4.00E-03 0.0008
54.39 4.00E-03 0.0008
54.39 2.00E-03 0.00074
54.39 2.00E-03 0.00074
54.39 2.00E-03 0.00074
54.39 2.00E-03 0.00074
54.39 4.00E-03 0.0008
54.39 4.00E-03 0.0008
54.39 4.00E-03 0.0008
54.39 4.00E-03 0.0008
54.39 2.00E-03 0.00074
54.39 2.00E-03 0.00074
54.39 2.00E-03 0.00074
54.39 2.00E-03 0.00074
54.39 2.00E-03 0.00074
65.26 2.00E-03 0.00074
65.26 2.00E-03 0.00074
65.26 2.00E-03 0.00074
65.26 2.00E-03 0.00074
65.26 2.00E-03 0.00074
65.26 2.00E-03 0.00074
65.26 2.00E-03 0.00074
65.26 2.00E-03 0.00074
65.26 2.00E-03 0.00074
65.26 2.00E-03 0.00074
65.26 2.00E-03 0.00074
65.26 4.00E-03 0.0008
65.26 4.00E-03 0.0008
65.26 2.00E-03 0.00074
65.26 2.00E-03 0.00074
65.26 2.00E-03 0.00074
65.26 2.00E-03 0.00074
65.26 2.00E-03 0.00074
65.26 2.00E-03 0.00074
65.26 4.00E-03 0.0008
65.26 4.00E-03 0.0008
65.26 2.00E-03 0.00074
65.26 2.00E-03 0.00074
65.26 2.00E-03 0.00074
65.26 2.00E-03 0.00074
76.14 4.00E-03 0.0008
76.14 4.00E-03 0.0008
76.14 4.00E-03 0.0008
76.14 4.00E-03 0.0008
76.14 2.00E-03 0.00074
76.14 2.00E-03 0.00074
76.14 4.00E-03 0.0008
76.14 4.00E-03 0.0008
76.14 4.00E-03 0.0008
76.14 4.00E-03 0.0008
76.14 4.00E-03 0.0008
76.14 4.00E-03 0.0008
76.14 2.00E-03 0.00074
76.14 2.00E-03 0.00074
76.14 2.00E-03 0.00074
76.14 2.00E-03 0.00074
76.14 4.00E-03 0.0008
76.14 4.00E-03 0.0008
76.14 4.00E-03 0.0008
76.14 4.00E-03 0.0008
76.14 4.00E-03 0.0008
76.14 4.00E-03 0.0008
76.14 2.00E-03 0.00074
76.14 2.00E-03 0.00074
76.14 2.00E-03 0.00074
87.02 2.00E-03 0.00074
87.02 4.00E-03 0.0008
87.02 4.00E-03 0.0008
87.02 4.00E-03 0.0008
87.02 4.00E-03 0.0008
87.02 2.00E-03 0.00074
87.02 2.00E-03 0.00074
87.02 4.00E-03 0.0008
87.02 4.00E-03 0.0008
87.02 2.00E-03 0.00074
87.02 2.00E-03 0.00074
87.02 4.00E-03 0.0008
87.02 4.00E-03 0.0008
87.02 4.00E-03 0.0008
87.02 4.00E-03 0.0008
87.02 2.00E-03 0.00074
87.02 2.00E-03 0.00074
87.02 2.00E-03 0.00074
87.02 2.00E-03 0.00074
87.02 2.00E-03 0.00074
87.02 2.00E-03 0.00074
87.02 4.00E-03 0.0008
87.02 4.00E-03 0.0008
87.02 4.00E-03 0.0008
87.02 4.00E-03 0.0008
97.9 4.00E-03 0.0008
97.9 4.00E-03 0.0008
97.9 2.00E-03 0.00074
97.9 2.00E-03 0.00074
97.9 4.00E-03 0.0008
97.9 4.00E-03 0.0008
97.9 4.00E-03 0.0008
97.9 4.00E-03 0.0008
97.9 4.00E-03 0.0008
97.9 4.00E-03 0.0008
97.9 2.00E-03 0.00074
97.9 2.00E-03 0.00074
97.9 4.00E-03 0.0008
97.9 4.00E-03 0.0008
97.9 4.00E-03 0.0008
97.9 4.00E-03 0.0008
97.9 4.00E-03 0.0008
97.9 4.00E-03 0.0008
97.9 4.00E-03 0.0008
97.9 4.00E-03 0.0008
97.9 4.00E-03 0.0008
97.9 4.00E-03 0.0008
97.9 4.00E-03 0.0008
97.9 4.00E-03 0.0008
97.9 2.00E-03 0.00074
108.77 2.00E-03 0.00074
108.77 2.00E-03 0.00074
108.77 2.00E-03 0.00074
108.77 4.00E-03 0.0008
108.77 4.00E-03 0.0008
108.77 2.00E-03 0.00074
108.77 2.00E-03 0.00074
108.77 4.00E-03 0.0008
108.77 4.00E-03 0.0008
108.77 2.00E-03 0.00074
108.77 2.00E-03 0.00074
108.77 4.00E-03 0.0008
108.77 4.00E-03 0.0008
108.77 8.00E-03 0.00092
108.77 8.00E-03 0.00092
108.77 4.00E-03 0.0008
108.77 4.00E-03 0.0008
108.77 4.00E-03 0.0008
108.77 4.00E-03 0.0008
108.77 6.00E-03 0.00086
108.77 6.00E-03 0.00086
108.77 4.00E-03 0.0008
108.77 4.00E-03 0.0008
108.77 4.00E-03 0.0008
108.77 4.00E-03 0.0008
119.65 4.00E-03 0.0008
119.65 4.00E-03 0.0008
119.65 4.00E-03 0.0008
119.65 4.00E-03 0.0008
119.65 4.00E-03 0.0008
119.65 4.00E-03 0.0008
119.65 6.00E-03 0.00086
119.65 6.00E-03 0.00086
119.65 4.00E-03 0.0008
119.65 4.00E-03 0.0008
119.65 4.00E-03 0.0008
119.65 4.00E-03 0.0008
119.65 4.00E-03 0.0008
119.65 4.00E-03 0.0008
119.65 6.00E-03 0.00086
119.65 6.00E-03 0.00086
119.65 6.00E-03 0.00086
119.65 6.00E-03 0.00086
119.65 6.00E-03 0.00086
119.65 6.00E-03 0.00086
119.65 4.00E-03 0.0008
119.65 4.00E-03 0.0008
119.65 6.00E-03 0.00086
119.65 6.00E-03 0.00086
119.65 6.00E-03 0.00086
130.53 6.00E-03 0.00086
130.53 6.00E-03 0.00086
130.53 6.00E-03 0.00086
130.53 6.00E-03 0.00086
130.53 6.00E-03 0.00086
130.53 6.00E-03 0.00086
130.53 6.00E-03 0.00086
130.53 6.00E-03 0.00086
130.53 6.00E-03 0.00086
130.53 6.00E-03 0.00086
130.53 6.00E-03 0.00086
130.53 6.00E-03 0.00086
130.53 6.00E-03 0.00086
130.53 6.00E-03 0.00086
131.62 6.00E-03 0.00086
131.62 6.00E-03 0.00086
132.71 6.00E-03 0.00086
132.71 6.00E-03 0.00086
132.71 6.00E-03 0.00086
133.79 8.00E-03 0.00092
133.79 8.00E-03 0.00092
134.88 6.00E-03 0.00086
134.88 6.00E-03 0.00086
134.88 4.00E-03 0.0008
135.97 4.00E-03 0.0008
135.97 6.00E-03 0.00086
137.06 6.00E-03 0.00086
137.06 6.00E-03 0.00086
137.06 6.00E-03 0.00086
138.14 6.00E-03 0.00086
138.14 6.00E-03 0.00086
139.23 6.00E-03 0.00086
139.23 6.00E-03 0.00086
139.23 6.00E-03 0.00086
140.32 6.00E-03 0.00086
140.32 6.00E-03 0.00086
141.41 6.00E-03 0.00086
141.41 6.00E-03 0.00086
141.41 6.00E-03 0.00086
142.5 4.00E-03 0.0008
142.5 4.00E-03 0.0008
143.58 6.00E-03 0.00086
143.58 6.00E-03 0.00086
143.58 6.00E-03 0.00086
144.67 6.00E-03 0.00086
144.67 6.00E-03 0.00086
145.76 6.00E-03 0.00086
145.76 6.00E-03 0.00086
145.76 6.00E-03 0.00086
146.85 4.00E-03 0.0008
146.85 4.00E-03 0.0008
147.93 6.00E-03 0.00086
147.93 6.00E-03 0.00086
147.93 6.00E-03 0.00086
149.02 6.00E-03 0.00086
149.02 8.00E-03 0.00092
150.11 8.00E-03 0.00092
150.11 4.00E-03 0.0008
150.11 4.00E-03 0.0008
151.2 6.00E-03 0.00086
151.2 6.00E-03 0.00086
152.28 6.00E-03 0.00086
152.28 6.00E-03 0.00086
152.28 6.00E-03 0.00086
153.37 6.00E-03 0.00086
153.37 6.00E-03 0.00086
154.46 6.00E-03 0.00086
154.46 8.00E-03 0.00092
154.46 8.00E-03 0.00092
155.55 6.00E-03 0.00086
155.55 6.00E-03 0.00086
156.64 6.00E-03 0.00086
156.64 6.00E-03 0.00086
156.64 4.00E-03 0.0008
157.72 4.00E-03 0.0008
157.72 6.00E-03 0.00086
158.81 6.00E-03 0.00086
158.81 8.00E-03 0.00092
158.81 8.00E-03 0.00092
159.9 6.00E-03 0.00086
159.9 6.00E-03 0.00086
160.99 8.00E-03 0.00092
160.99 8.00E-03 0.00092
160.99 8.00E-03 0.00092
162.07 8.00E-03 0.00092
162.07 8.00E-03 0.00092
163.16 8.00E-03 0.00092
163.16 1.00E-02 0.00098
163.16 1.00E-02 0.00098
164.25 6.00E-03 0.00086
164.25 6.00E-03 0.00086
165.34 6.00E-03 0.00086
165.34 6.00E-03 0.00086
165.34 6.00E-03 0.00086
166.43 6.00E-03 0.00086
166.43 8.00E-03 0.00092
167.51 8.00E-03 0.00092
167.51 6.00E-03 0.00086
167.51 6.00E-03 0.00086
168.6 8.00E-03 0.00092
168.6 8.00E-03 0.00092
169.69 8.00E-03 0.00092
169.69 8.00E-03 0.00092
169.69 6.00E-03 0.00086
170.78 6.00E-03 0.00086
170.78 8.00E-03 0.00092
171.86 8.00E-03 0.00092
171.86 6.00E-03 0.00086
171.86 6.00E-03 0.00086
172.95 8.00E-03 0.00092
172.95 8.00E-03 0.00092
174.04 8.00E-03 0.00092
174.04 8.00E-03 0.00092
174.04 1.00E-02 0.00098
175.13 1.00E-02 0.00098
175.13 6.00E-03 0.00086
176.22 6.00E-03 0.00086
176.22 8.00E-03 0.00092
176.22 8.00E-03 0.00092
177.3 6.00E-03 0.00086
177.3 6.00E-03 0.00086
178.39 8.00E-03 0.00092
178.39 8.00E-03 0.00092
178.39 8.00E-03 0.00092
179.48 8.00E-03 0.00092
179.48 8.00E-03 0.00092
180.57 8.00E-03 0.00092
180.57 8.00E-03 0.00092
180.57 8.00E-03 0.00092
181.65 1.00E-02 0.00098
181.65 1.00E-02 0.00098
182.74 1.00E-02 0.00098
182.74 1.00E-02 0.00098
182.74 1.00E-02 0.00098
183.83 1.00E-02 0.00098
183.83 6.00E-03 0.00086
184.92 6.00E-03 0.00086
184.92 8.00E-03 0.00092
184.92 8.00E-03 0.00092
186.01 1.00E-02 0.00098
186.01 1.00E-02 0.00098
187.09 1.00E-02 0.00098
187.09 1.00E-02 0.00098
187.09 1.20E-02 0.00104
188.18 1.20E-02 0.00104
188.18 1.00E-02 0.00098
189.27 1.00E-02 0.00098
189.27 1.00E-02 0.00098
189.27 1.00E-02 0.00098
190.36 1.20E-02 0.00104
190.36 1.20E-02 0.00104
191.44 1.00E-02 0.00098
191.44 1.00E-02 0.00098
191.44 8.00E-03 0.00092
192.53 8.00E-03 0.00092
192.53 1.00E-02 0.00098
193.62 1.00E-02 0.00098
193.62 1.00E-02 0.00098
193.62 1.00E-02 0.00098
194.71 1.00E-02 0.00098
194.71 1.00E-02 0.00098
195.79 8.00E-03 0.00092
195.79 8.00E-03 0.00092
195.79 1.00E-02 0.00098
196.88 1.00E-02 0.00098
196.88 1.00E-02 0.00098
197.97 1.00E-02 0.00098
197.97 1.20E-02 0.00104
197.97 1.20E-02 0.00104
199.06 1.20E-02 0.00104
199.06 1.20E-02 0.00104
200.15 1.00E-02 0.00098
200.15 1.00E-02 0.00098
200.15 1.00E-02 0.00098
201.23 1.00E-02 0.00098
201.23 1.00E-02 0.00098
202.32 1.00E-02 0.00098
202.32 1.00E-02 0.00098
202.32 1.00E-02 0.00098
203.41 1.00E-02 0.00098
203.41 1.00E-02 0.00098
204.5 1.00E-02 0.00098
204.5 1.00E-02 0.00098
204.5 1.00E-02 0.00098
205.58 1.00E-02 0.00098
205.58 1.00E-02 0.00098
206.67 1.00E-02 0.00098
206.67 1.20E-02 0.00104
206.67 1.20E-02 0.00104
207.76 1.00E-02 0.00098
207.76 1.00E-02 0.00098
208.85 1.00E-02 0.00098
208.85 1.00E-02 0.00098
208.85 1.20E-02 0.00104
209.94 1.20E-02 0.00104
209.94 1.00E-02 0.00098
211.02 1.00E-02 0.00098
211.02 8.00E-03 0.00092
211.02 8.00E-03 0.00092
212.11 1.00E-02 0.00098
212.11 1.00E-02 0.00098
213.2 1.00E-02 0.00098
213.2 1.00E-02 0.00098
213.2 1.00E-02 0.00098
214.29 1.00E-02 0.00098
214.29 1.00E-02 0.00098
215.37 1.00E-02 0.00098
215.37 1.20E-02 0.00104
215.37 1.20E-02 0.00104
216.46 1.00E-02 0.00098
216.46 1.00E-02 0.00098
217.55 1.00E-02 0.00098
217.55 1.00E-02 0.00098
217.55 1.20E-02 0.00104
218.64 1.20E-02 0.00104
218.64 1.20E-02 0.00104
219.73 1.20E-02 0.00104
219.73 1.20E-02 0.00104
219.73 1.20E-02 0.00104
220.81 1.20E-02 0.00104
220.81 1.20E-02 0.00104
221.9 1.20E-02 0.00104
221.9 1.20E-02 0.00104
221.9 1.20E-02 0.00104
222.99 1.20E-02 0.00104
222.99 1.20E-02 0.00104
224.08 1.20E-02 0.00104
224.08 1.00E-02 0.00098
224.08 1.00E-02 0.00098
225.16 1.00E-02 0.00098
225.16 1.00E-02 0.00098
226.25 1.20E-02 0.00104
226.25 1.20E-02 0.00104
226.25 1.00E-02 0.00098
227.34 1.00E-02 0.00098
227.34 1.20E-02 0.00104
228.43 1.20E-02 0.00104
228.43 1.00E-02 0.00098
228.43 1.00E-02 0.00098
229.52 1.00E-02 0.00098
229.52 1.00E-02 0.00098
230.6 1.20E-02 0.00104
230.6 1.20E-02 0.00104
230.6 1.40E-02 0.0011
231.69 1.40E-02 0.0011
231.69 1.60E-02 0.00116
232.78 1.60E-02 0.00116
232.78 1.00E-02 0.00098
232.78 1.00E-02 0.00098
233.87 1.40E-02 0.0011
233.87 1.40E-02 0.0011
234.95 1.20E-02 0.00104
234.95 1.20E-02 0.00104
234.95 1.60E-02 0.00116
236.04 1.60E-02 0.00116
236.04 1.20E-02 0.00104
237.13 1.20E-02 0.00104
237.13 1.20E-02 0.00104
237.13 1.20E-02 0.00104
238.22 1.40E-02 0.0011
238.22 1.40E-02 0.0011
239.3 1.40E-02 0.0011
239.3 1.40E-02 0.0011
239.3 1.40E-02 0.0011
240.39 1.40E-02 0.0011
240.39 1.40E-02 0.0011
241.48 1.40E-02 0.0011
241.48 1.40E-02 0.0011
241.48 1.40E-02 0.0011
242.57 1.40E-02 0.0011
242.57 1.40E-02 0.0011
243.66 1.40E-02 0.0011
243.66 1.40E-02 0.0011
243.66 1.80E-02 0.00122
244.74 1.80E-02 0.00122
244.74 1.40E-02 0.0011
245.83 1.40E-02 0.0011
245.83 1.40E-02 0.0011
245.83 1.40E-02 0.0011
246.92 1.40E-02 0.0011
246.92 1.40E-02 0.0011
248.01 1.60E-02 0.00116
248.01 1.60E-02 0.00116
248.01 1.40E-02 0.0011
249.09 1.40E-02 0.0011
249.09 1.40E-02 0.0011
250.18 1.40E-02 0.0011
250.18 1.40E-02 0.0011
250.18 1.40E-02 0.0011
251.27 1.40E-02 0.0011
251.27 1.40E-02 0.0011
252.36 1.60E-02 0.00116
252.36 1.60E-02 0.00116
252.36 1.60E-02 0.00116
253.45 1.60E-02 0.00116
253.45 1.60E-02 0.00116
254.53 1.60E-02 0.00116
254.53 1.40E-02 0.0011
254.53 1.40E-02 0.0011
255.62 1.60E-02 0.00116
255.62 1.60E-02 0.00116
256.71 1.60E-02 0.00116
256.71 1.60E-02 0.00116
256.71 1.60E-02 0.00116
257.8 1.60E-02 0.00116
257.8 1.80E-02 0.00122
258.88 1.80E-02 0.00122
258.88 1.80E-02 0.00122
258.88 1.80E-02 0.00122
259.97 1.60E-02 0.00116
259.97 1.60E-02 0.00116
261.06 1.60E-02 0.00116
261.06 1.60E-02 0.00116
261.06 1.80E-02 0.00122
262.15 1.80E-02 0.00122
262.15 1.60E-02 0.00116
263.24 1.60E-02 0.00116
263.24 1.60E-02 0.00116
263.24 1.60E-02 0.00116
264.32 1.80E-02 0.00122
264.32 1.80E-02 0.00122
265.41 1.80E-02 0.00122
265.41 1.80E-02 0.00122
265.41 1.80E-02 0.00122
266.5 1.80E-02 0.00122
266.5 2.00E-02 0.00128
267.59 2.00E-02 0.00128
267.59 1.80E-02 0.00122
267.59 1.80E-02 0.00122
268.67 1.80E-02 0.00122
268.67 1.80E-02 0.00122
269.76 1.60E-02 0.00116
269.76 1.60E-02 0.00116
269.76 1.80E-02 0.00122
270.85 1.80E-02 0.00122
270.85 1.80E-02 0.00122
271.94 1.80E-02 0.00122
271.94 1.80E-02 0.00122
271.94 1.80E-02 0.00122
273.03 2.00E-02 0.00128
273.03 2.00E-02 0.00128
274.11 1.80E-02 0.00122
274.11 1.80E-02 0.00122
274.11 2.00E-02 0.00128
275.2 2.00E-02 0.00128
275.2 2.00E-02 0.00128
276.29 2.00E-02 0.00128
276.29 1.80E-02 0.00122
276.29 1.80E-02 0.00122
277.38 1.80E-02 0.00122
277.38 1.80E-02 0.00122
278.46 2.20E-02 0.00134
278.46 2.20E-02 0.00134
278.46 2.00E-02 0.00128
279.55 2.00E-02 0.00128
279.55 2.00E-02 0.00128
280.64 2.00E-02 0.00128
280.64 2.00E-02 0.00128
280.64 2.00E-02 0.00128
281.73 2.20E-02 0.00134
281.73 2.20E-02 0.00134
282.81 2.00E-02 0.00128
282.81 2.00E-02 0.00128
282.81 2.00E-02 0.00128
283.9 2.00E-02 0.00128
283.9 2.00E-02 0.00128
284.99 2.00E-02 0.00128
284.99 2.00E-02 0.00128
284.99 2.00E-02 0.00128
286.08 2.00E-02 0.00128
286.08 2.00E-02 0.00128
287.17 2.00E-02 0.00128
287.17 2.00E-02 0.00128
287.17 2.00E-02 0.00128
288.25 2.00E-02 0.00128
288.25 2.00E-02 0.00128
289.34 2.00E-02 0.00128
289.34 1.80E-02 0.00122
289.34 1.80E-02 0.00122
290.43 2.20E-02 0.00134
290.43 2.20E-02 0.00134
291.52 2.20E-02 0.00134
291.52 2.20E-02 0.00134
291.52 2.20E-02 0.00134
292.6 2.20E-02 0.00134
292.6 2.20E-02 0.00134
293.69 2.20E-02 0.00134
293.69 2.00E-02 0.00128
293.69 2.00E-02 0.00128
294.78 2.00E-02 0.00128
294.78 2.00E-02 0.00128
295.87 2.00E-02 0.00128
295.87 2.00E-02 0.00128
295.87 2.20E-02 0.00134
296.96 2.20E-02 0.00134
296.96 2.20E-02 0.00134
298.04 2.20E-02 0.00134
298.04 2.00E-02 0.00128
298.04 2.00E-02 0.00128
299.13 2.20E-02 0.00134
299.13 2.20E-02 0.00134
300.22 2.20E-02 0.00134
300.22 2.20E-02 0.00134
300.22 2.20E-02 0.00134
301.31 2.20E-02 0.00134
301.31 2.20E-02 0.00134
302.39 2.20E-02 0.00134
302.39 2.20E-02 0.00134
302.39 2.20E-02 0.00134
303.48 2.20E-02 0.00134
303.48 2.20E-02 0.00134
304.57 2.20E-02 0.00134
304.57 2.20E-02 0.00134
304.57 2.00E-02 0.00128
305.66 2.00E-02 0.00128
305.66 2.20E-02 0.00134
306.75 2.20E-02 0.00134
306.75 2.20E-02 0.00134
306.75 2.20E-02 0.00134
307.83 2.20E-02 0.00134
307.83 2.20E-02 0.00134
308.92 2.40E-02 0.0014
308.92 2.40E-02 0.0014
308.92 2.20E-02 0.00134
310.01 2.20E-02 0.00134
310.01 2.60E-02 0.00146
311.1 2.60E-02 0.00146
311.1 2.20E-02 0.00134
311.1 2.20E-02 0.00134
312.18 2.40E-02 0.0014
312.18 2.40E-02 0.0014
313.27 2.40E-02 0.0014
313.27 2.40E-02 0.0014
313.27 2.60E-02 0.00146
314.36 2.60E-02 0.00146
314.36 2.60E-02 0.00146
315.45 2.60E-02 0.00146
315.45 2.80E-02 0.00152
315.45 2.80E-02 0.00152
316.53 2.60E-02 0.00146
316.53 2.60E-02 0.00146
317.62 2.40E-02 0.0014
317.62 2.40E-02 0.0014
317.62 2.60E-02 0.00146
318.71 2.60E-02 0.00146
318.71 2.40E-02 0.0014
319.8 2.40E-02 0.0014
319.8 2.60E-02 0.00146
319.8 2.60E-02 0.00146
320.89 2.60E-02 0.00146
320.89 2.60E-02 0.00146
321.97 2.60E-02 0.00146
321.97 2.60E-02 0.00146
321.97 2.60E-02 0.00146
323.06 2.60E-02 0.00146
323.06 2.40E-02 0.0014
324.15 2.40E-02 0.0014
324.15 2.60E-02 0.00146
324.15 2.60E-02 0.00146
325.24 2.60E-02 0.00146
325.24 2.60E-02 0.00146
326.32 2.60E-02 0.00146
326.32 2.60E-02 0.00146
326.32 2.60E-02 0.00146
327.41 2.60E-02 0.00146
327.41 2.80E-02 0.00152
328.5 2.80E-02 0.00152
328.5 2.80E-02 0.00152
328.5 2.80E-02 0.00152
329.59 2.60E-02 0.00146
329.59 2.60E-02 0.00146
330.68 2.60E-02 0.00146
330.68 2.60E-02 0.00146
330.68 3.00E-02 0.00158
331.76 3.00E-02 0.00158
331.76 3.00E-02 0.00158
332.85 3.00E-02 0.00158
332.85 2.60E-02 0.00146
332.85 2.60E-02 0.00146
333.94 2.80E-02 0.00152
333.94 2.80E-02 0.00152
335.03 2.80E-02 0.00152
335.03 2.80E-02 0.00152
335.03 2.80E-02 0.00152
336.11 2.80E-02 0.00152
336.11 2.60E-02 0.00146
337.2 2.60E-02 0.00146
337.2 3.00E-02 0.00158
337.2 3.00E-02 0.00158
338.29 3.00E-02 0.00158
338.29 3.00E-02 0.00158
339.38 3.00E-02 0.00158
339.38 3.00E-02 0.00158
339.38 2.80E-02 0.00152
340.47 2.80E-02 0.00152
340.47 2.80E-02 0.00152
341.55 2.80E-02 0.00152
341.55 3.00E-02 0.00158
341.55 3.00E-02 0.00158
342.64 2.80E-02 0.00152
342.64 2.80E-02 0.00152
343.73 3.00E-02 0.00158
343.73 3.00E-02 0.00158
343.73 3.00E-02 0.00158
344.82 3.00E-02 0.00158
344.82 3.00E-02 0.00158
345.9 3.00E-02 0.00158
345.9 3.00E-02 0.00158
345.9 3.00E-02 0.00158
346.99 3.20E-02 0.00164
346.99 3.20E-02 0.00164
348.08 3.00E-02 0.00158
348.08 3.00E-02 0.00158
348.08 3.00E-02 0.00158
349.17 3.00E-02 0.00158
349.17 2.80E-02 0.00152
350.26 2.80E-02 0.00152
350.26 3.00E-02 0.00158
350.26 3.00E-02 0.00158
351.34 3.20E-02 0.00164
351.34 3.20E-02 0.00164
352.43 3.20E-02 0.00164
352.43 3.20E-02 0.00164
352.43 3.20E-02 0.00164
353.52 3.20E-02 0.00164
353.52 3.00E-02 0.00158
354.61 3.00E-02 0.00158
354.61 3.40E-02 0.0017
354.61 3.40E-02 0.0017
355.69 3.20E-02 0.00164
355.69 3.20E-02 0.00164
356.78 3.00E-02 0.00158
356.78 3.00E-02 0.00158
356.78 3.20E-02 0.00164
357.87 3.20E-02 0.00164
357.87 3.20E-02 0.00164
358.96 3.20E-02 0.00164
358.96 3.00E-02 0.00158
358.96 3.00E-02 0.00158
360.04 3.40E-02 0.0017
360.04 3.40E-02 0.0017
361.13 3.00E-02 0.00158
361.13 3.00E-02 0.00158
361.13 3.40E-02 0.0017
362.22 3.40E-02 0.0017
362.22 3.40E-02 0.0017
363.31 3.40E-02 0.0017
363.31 3.20E-02 0.00164
363.31 3.20E-02 0.00164
364.4 3.40E-02 0.0017
364.4 3.40E-02 0.0017
365.48 3.40E-02 0.0017
365.48 3.40E-02 0.0017
365.48 3.40E-02 0.0017
366.57 3.40E-02 0.0017
366.57 3.40E-02 0.0017
367.66 3.40E-02 0.0017
367.66 3.40E-02 0.0017
367.66 3.40E-02 0.0017
368.75 3.40E-02 0.0017
368.75 3.40E-02 0.0017
369.83 3.40E-02 0.0017
369.83 3.40E-02 0.0017
369.83 3.40E-02 0.0017
370.92 3.40E-02 0.0017
370.92 3.40E-02 0.0017
372.01 3.40E-02 0.0017
372.01 3.60E-02 0.00176
372.01 3.60E-02 0.00176
373.1 3.60E-02 0.00176
373.1 3.60E-02 0.00176
374.19 3.40E-02 0.0017
374.19 3.40E-02 0.0017
374.19 3.40E-02 0.0017
375.27 3.40E-02 0.0017
375.27 3.80E-02 0.00182
376.36 3.80E-02 0.00182
376.36 3.40E-02 0.0017
376.36 3.40E-02 0.0017
377.45 3.60E-02 0.00176
377.45 3.60E-02 0.00176
378.54 3.40E-02 0.0017
378.54 3.40E-02 0.0017
378.54 3.60E-02 0.00176
379.62 3.60E-02 0.00176
379.62 3.60E-02 0.00176
380.71 3.60E-02 0.00176
380.71 3.60E-02 0.00176
380.71 3.60E-02 0.00176
381.8 3.60E-02 0.00176
381.8 3.60E-02 0.00176
382.89 3.40E-02 0.0017
382.89 3.40E-02 0.0017
382.89 3.80E-02 0.00182
383.98 3.80E-02 0.00182
383.98 3.40E-02 0.0017
385.06 3.40E-02 0.0017
385.06 3.60E-02 0.00176
385.06 3.60E-02 0.00176
386.15 3.80E-02 0.00182
386.15 3.80E-02 0.00182
387.24 3.80E-02 0.00182
387.24 3.80E-02 0.00182
387.24 3.80E-02 0.00182
388.33 3.80E-02 0.00182
388.33 3.80E-02 0.00182
389.41 3.80E-02 0.00182
389.41 3.60E-02 0.00176
389.41 3.60E-02 0.00176
390.5 3.80E-02 0.00182
390.5 3.80E-02 0.00182
391.59 3.80E-02 0.00182
391.59 3.80E-02 0.00182
391.59 3.60E-02 0.00176
392.68 3.60E-02 0.00176
392.68 3.60E-02 0.00176
393.77 3.60E-02 0.00176
393.77 3.80E-02 0.00182
393.77 3.80E-02 0.00182
394.85 3.80E-02 0.00182
394.85 3.80E-02 0.00182
395.94 3.80E-02 0.00182
395.94 3.80E-02 0.00182
395.94 3.80E-02 0.00182
397.03 3.80E-02 0.00182
397.03 3.80E-02 0.00182
398.12 3.80E-02 0.00182
398.12 4.00E-02 0.00188
398.12 4.00E-02 0.00188
399.2 3.80E-02 0.00182
399.2 3.80E-02 0.00182
400.29 3.80E-02 0.00182
400.29 3.80E-02 0.00182
400.29 4.20E-02 0.00194
401.38 4.20E-02 0.00194
401.38 3.80E-02 0.00182
402.47 3.80E-02 0.00182
402.47 4.00E-02 0.00188
402.47 4.00E-02 0.00188
403.55 3.80E-02 0.00182
403.55 3.80E-02 0.00182
404.64 4.20E-02 0.00194
404.64 4.20E-02 0.00194
404.64 4.00E-02 0.00188
405.73 4.00E-02 0.00188
405.73 4.00E-02 0.00188
406.82 4.00E-02 0.00188
406.82 3.80E-02 0.00182
406.82 3.80E-02 0.00182
407.91 4.00E-02 0.00188
407.91 4.00E-02 0.00188
408.99 3.80E-02 0.00182
408.99 3.80E-02 0.00182
408.99 4.00E-02 0.00188
410.08 4.00E-02 0.00188
410.08 4.20E-02 0.00194
411.17 4.20E-02 0.00194
411.17 4.20E-02 0.00194
411.17 4.20E-02 0.00194
412.26 4.00E-02 0.00188
412.26 4.00E-02 0.00188
413.34 4.20E-02 0.00194
413.34 4.20E-02 0.00194
413.34 4.00E-02 0.00188
414.43 4.00E-02 0.00188
414.43 4.40E-02 0.002
415.52 4.40E-02 0.002
415.52 4.40E-02 0.002
415.52 4.40E-02 0.002
416.61 4.20E-02 0.00194
416.61 4.20E-02 0.00194
417.7 4.20E-02 0.00194
417.7 4.20E-02 0.00194
417.7 4.20E-02 0.00194
418.78 4.20E-02 0.00194
418.78 4.20E-02 0.00194
419.87 4.20E-02 0.00194
419.87 4.20E-02 0.00194
419.87 4.20E-02 0.00194
420.96 4.40E-02 0.002
420.96 4.40E-02 0.002
422.05 4.40E-02 0.002
422.05 4.40E-02 0.002
422.05 4.40E-02 0.002
423.13 4.40E-02 0.002
423.13 4.20E-02 0.00194
424.22 4.20E-02 0.00194
424.22 4.40E-02 0.002
424.22 4.40E-02 0.002
425.31 4.40E-02 0.002
425.31 4.40E-02 0.002
426.4 4.40E-02 0.002
426.4 4.40E-02 0.002
426.4 4.40E-02 0.002
427.49 4.40E-02 0.002
427.49 4.40E-02 0.002
428.57 4.40E-02 0.002
428.57 4.40E-02 0.002
428.57 4.40E-02 0.002
429.66 4.60E-02 0.00206
429.66 4.60E-02 0.00206
430.75 4.40E-02 0.002
430.75 4.40E-02 0.002
430.75 4.60E-02 0.00206
431.84 4.60E-02 0.00206
431.84 4.80E-02 0.00212
432.92 4.80E-02 0.00212
432.92 4.80E-02 0.00212
432.92 4.80E-02 0.00212
434.01 4.60E-02 0.00206
434.01 4.60E-02 0.00206
435.1 4.80E-02 0.00212
435.1 4.80E-02 0.00212
435.1 4.60E-02 0.00206
436.19 4.60E-02 0.00206
436.19 4.80E-02 0.00212
437.28 4.80E-02 0.00212
437.28 5.00E-02 0.00218
437.28 5.00E-02 0.00218
438.36 4.80E-02 0.00212
438.36 4.80E-02 0.00212
439.45 4.80E-02 0.00212
439.45 4.80E-02 0.00212
439.45 4.80E-02 0.00212
440.54 4.80E-02 0.00212
440.54 4.80E-02 0.00212
441.63 4.80E-02 0.00212
441.63 4.80E-02 0.00212
441.63 4.80E-02 0.00212
442.71 5.00E-02 0.00218
442.71 5.00E-02 0.00218
443.8 5.00E-02 0.00218
443.8 5.00E-02 0.00218
443.8 5.20E-02 0.00224
444.89 5.20E-02 0.00224
444.89 4.60E-02 0.00206
445.98 4.60E-02 0.00206
445.98 5.00E-02 0.00218
445.98 5.00E-02 0.00218
447.06 5.00E-02 0.00218
447.06 5.00E-02 0.00218
448.15 5.20E-02 0.00224
448.15 5.20E-02 0.00224
448.15 5.20E-02 0.00224
449.24 5.20E-02 0.00224
449.24 5.20E-02 0.00224
450.33 5.20E-02 0.00224
450.33 5.20E-02 0.00224
450.33 5.20E-02 0.00224
451.42 5.20E-02 0.00224
451.42 5.20E-02 0.00224
452.5 5.00E-02 0.00218
452.5 5.00E-02 0.00218
452.5 5.20E-02 0.00224
453.59 5.20E-02 0.00224
453.59 5.20E-02 0.00224
454.68 5.20E-02 0.00224
454.68 5.40E-02 0.0023
454.68 5.40E-02 0.0023
455.77 5.40E-02 0.0023
455.77 5.40E-02 0.0023
456.85 5.20E-02 0.00224
456.85 5.20E-02 0.00224
456.85 5.40E-02 0.0023
457.94 5.40E-02 0.0023
457.94 5.40E-02 0.0023
459.03 5.40E-02 0.0023
459.03 5.60E-02 0.00236
459.03 5.60E-02 0.00236
460.12 5.40E-02 0.0023
460.12 5.40E-02 0.0023
461.21 5.40E-02 0.0023
461.21 5.40E-02 0.0023
461.21 5.80E-02 0.00242
462.29 5.80E-02 0.00242
462.29 5.60E-02 0.00236
463.38 5.60E-02 0.00236
463.38 5.60E-02 0.00236
463.38 5.60E-02 0.00236
464.47 5.60E-02 0.00236
464.47 5.60E-02 0.00236
465.56 5.80E-02 0.00242
465.56 5.80E-02 0.00242
465.56 5.80E-02 0.00242
466.64 5.80E-02 0.00242
466.64 5.60E-02 0.00236
467.73 5.60E-02 0.00236
467.73 5.80E-02 0.00242
467.73 5.80E-02 0.00242
468.82 5.80E-02 0.00242
468.82 5.80E-02 0.00242
469.91 5.80E-02 0.00242
469.91 5.80E-02 0.00242
469.91 5.80E-02 0.00242
471 5.80E-02 0.00242
471 5.80E-02 0.00242
472.08 5.80E-02 0.00242
472.08 5.80E-02 0.00242
472.08 5.80E-02 0.00242
473.17 6.00E-02 0.00248
473.17 6.00E-02 0.00248
474.26 5.80E-02 0.00242
474.26 5.80E-02 0.00242
474.26 5.80E-02 0.00242
475.35 5.80E-02 0.00242
475.35 6.00E-02 0.00248
476.43 6.00E-02 0.00248
476.43 6.00E-02 0.00248
476.43 6.00E-02 0.00248
477.52 6.20E-02 0.00254
477.52 6.20E-02 0.00254
478.61 6.20E-02 0.00254
478.61 6.20E-02 0.00254
478.61 6.20E-02 0.00254
479.7 6.20E-02 0.00254
479.7 6.00E-02 0.00248
480.79 6.00E-02 0.00248
480.79 6.00E-02 0.00248
480.79 6.00E-02 0.00248
481.87 6.20E-02 0.00254
481.87 6.20E-02 0.00254
482.96 6.40E-02 0.0026
482.96 6.40E-02 0.0026
482.96 6.20E-02 0.00254
484.05 6.20E-02 0.00254
484.05 6.20E-02 0.00254
485.14 6.20E-02 0.00254
485.14 6.20E-02 0.00254
485.14 6.20E-02 0.00254
486.22 6.20E-02 0.00254
486.22 6.20E-02 0.00254
487.31 6.40E-02 0.0026
487.31 6.40E-02 0.0026
487.31 6.20E-02 0.00254
488.4 6.20E-02 0.00254
488.4 6.20E-02 0.00254
489.49 6.20E-02 0.00254
489.49 6.00E-02 0.00248
489.49 6.00E-02 0.00248
490.57 6.20E-02 0.00254
490.57 6.20E-02 0.00254
491.66 6.20E-02 0.00254
491.66 6.20E-02 0.00254
491.66 6.20E-02 0.00254
492.75 6.20E-02 0.00254
492.75 6.20E-02 0.00254
493.84 6.20E-02 0.00254
493.84 6.60E-02 0.00266
493.84 6.60E-02 0.00266
494.93 6.40E-02 0.0026
494.93 6.40E-02 0.0026
496.01 6.60E-02 0.00266
496.01 6.60E-02 0.00266
496.01 6.60E-02 0.00266
497.1 6.60E-02 0.00266
497.1 6.60E-02 0.00266
498.19 6.60E-02 0.00266
498.19 6.80E-02 0.00272
498.19 6.80E-02 0.00272
499.28 6.80E-02 0.00272
499.28 6.80E-02 0.00272
500.36 6.60E-02 0.00266
500.36 6.60E-02 0.00266
500.36 6.60E-02 0.00266
501.45 6.60E-02 0.00266
501.45 6.60E-02 0.00266
502.54 6.60E-02 0.00266
502.54 6.80E-02 0.00272
502.54 6.80E-02 0.00272
503.63 6.60E-02 0.00266
503.63 6.60E-02 0.00266
504.72 6.80E-02 0.00272
504.72 6.80E-02 0.00272
504.72 7.00E-02 0.00278
505.8 7.00E-02 0.00278
505.8 6.60E-02 0.00266
506.89 6.60E-02 0.00266
506.89 6.80E-02 0.00272
506.89 6.80E-02 0.00272
507.98 6.80E-02 0.00272
507.98 6.80E-02 0.00272
509.07 6.80E-02 0.00272
509.07 6.80E-02 0.00272
509.07 6.80E-02 0.00272
510.15 6.80E-02 0.00272
510.15 6.80E-02 0.00272
511.24 6.80E-02 0.00272
511.24 6.80E-02 0.00272
511.24 6.80E-02 0.00272
512.33 7.00E-02 0.00278
512.33 7.00E-02 0.00278
513.42 7.00E-02 0.00278
513.42 7.00E-02 0.00278
513.42 7.40E-02 0.0029
514.51 7.40E-02 0.0029
514.51 7.00E-02 0.00278
515.59 7.00E-02 0.00278
515.59 7.00E-02 0.00278
515.59 7.00E-02 0.00278
516.68 7.00E-02 0.00278
516.68 7.00E-02 0.00278
517.77 7.00E-02 0.00278
517.77 7.00E-02 0.00278
517.77 7.20E-02 0.00284
518.86 7.20E-02 0.00284
518.86 7.20E-02 0.00284
519.94 7.20E-02 0.00284
519.94 7.00E-02 0.00278
519.94 7.00E-02 0.00278
521.03 7.00E-02 0.00278
521.03 7.00E-02 0.00278
522.12 7.00E-02 0.00278
522.12 7.00E-02 0.00278
522.12 7.00E-02 0.00278
523.21 7.00E-02 0.00278
523.21 7.20E-02 0.00284
524.3 7.20E-02 0.00284
524.3 7.20E-02 0.00284
524.3 7.20E-02 0.00284
525.38 7.40E-02 0.0029
525.38 7.40E-02 0.0029
526.47 7.20E-02 0.00284
526.47 7.20E-02 0.00284
526.47 7.40E-02 0.0029
527.56 7.40E-02 0.0029
527.56 7.40E-02 0.0029
528.65 7.40E-02 0.0029
528.65 7.40E-02 0.0029
528.65 7.40E-02 0.0029
529.73 7.40E-02 0.0029
529.73 7.40E-02 0.0029
530.82 7.40E-02 0.0029
530.82 7.40E-02 0.0029
530.82 7.20E-02 0.00284
531.91 7.20E-02 0.00284
531.91 7.40E-02 0.0029
533 7.40E-02 0.0029
533 7.40E-02 0.0029
533 7.40E-02 0.0029
534.08 7.60E-02 0.00296
534.08 7.60E-02 0.00296
535.17 7.40E-02 0.0029
535.17 7.40E-02 0.0029
535.17 7.40E-02 0.0029
536.26 7.40E-02 0.0029
536.26 7.40E-02 0.0029
537.35 7.40E-02 0.0029
537.35 7.60E-02 0.00296
537.35 7.60E-02 0.00296
538.44 7.40E-02 0.0029
538.44 7.40E-02 0.0029
539.52 7.40E-02 0.0029
539.52 7.40E-02 0.0029
539.52 7.60E-02 0.00296
540.61 7.60E-02 0.00296
540.61 7.60E-02 0.00296
541.7 7.60E-02 0.00296
541.7 7.40E-02 0.0029
541.7 7.40E-02 0.0029
542.79 7.60E-02 0.00296
542.79 7.60E-02 0.00296
543.87 7.60E-02 0.00296
543.87 7.60E-02 0.00296
543.87 7.40E-02 0.0029
544.96 7.40E-02 0.0029
544.96 7.40E-02 0.0029
546.05 7.40E-02 0.0029
546.05 7.60E-02 0.00296
546.05 7.60E-02 0.00296
547.14 7.60E-02 0.00296
547.14 7.60E-02 0.00296
548.23 7.60E-02 0.00296
548.23 7.60E-02 0.00296
548.23 7.60E-02 0.00296
549.31 7.60E-02 0.00296
549.31 7.80E-02 0.00302
550.4 7.80E-02 0.00302
550.4 7.80E-02 0.00302
550.4 7.80E-02 0.00302
551.49 7.80E-02 0.00302
551.49 7.80E-02 0.00302
552.58 7.80E-02 0.00302
552.58 7.80E-02 0.00302
552.58 7.80E-02 0.00302
553.66 7.80E-02 0.00302
553.66 7.80E-02 0.00302
554.75 7.80E-02 0.00302
554.75 7.80E-02 0.00302
554.75 7.80E-02 0.00302
555.84 7.80E-02 0.00302
555.84 7.80E-02 0.00302
556.93 8.00E-02 0.00308
556.93 8.00E-02 0.00308
556.93 8.00E-02 0.00308
558.02 8.00E-02 0.00308
558.02 8.00E-02 0.00308
559.1 8.00E-02 0.00308
559.1 8.00E-02 0.00308
559.1 8.00E-02 0.00308
560.19 7.80E-02 0.00302
560.19 7.80E-02 0.00302
561.28 7.80E-02 0.00302
561.28 7.80E-02 0.00302
561.28 7.80E-02 0.00302
562.37 7.80E-02 0.00302
562.37 7.80E-02 0.00302
563.45 7.80E-02 0.00302
563.45 8.00E-02 0.00308
563.45 8.00E-02 0.00308
564.54 7.80E-02 0.00302
564.54 7.80E-02 0.00302
565.63 8.20E-02 0.00314
565.63 8.20E-02 0.00314
565.63 8.20E-02 0.00314
566.72 8.20E-02 0.00314
566.72 8.20E-02 0.00314
567.8 8.20E-02 0.00314
567.8 7.80E-02 0.00302
567.8 7.80E-02 0.00302
568.89 8.20E-02 0.00314
568.89 8.20E-02 0.00314
569.98 8.20E-02 0.00314
569.98 8.20E-02 0.00314
569.98 8.20E-02 0.00314
571.07 8.20E-02 0.00314
571.07 8.20E-02 0.00314
572.16 8.20E-02 0.00314
572.16 8.20E-02 0.00314
572.16 8.20E-02 0.00314
573.24 8.20E-02 0.00314
573.24 8.20E-02 0.00314
574.33 8.00E-02 0.00308
574.33 8.00E-02 0.00308
574.33 8.20E-02 0.00314
575.42 8.20E-02 0.00314
575.42 8.20E-02 0.00314
576.51 8.20E-02 0.00314
576.51 8.40E-02 0.0032
576.51 8.40E-02 0.0032
577.59 8.40E-02 0.0032
577.59 8.40E-02 0.0032
578.68 8.20E-02 0.00314
578.68 8.20E-02 0.00314
578.68 8.20E-02 0.00314
579.77 8.20E-02 0.00314
579.77 8.20E-02 0.00314
580.86 8.20E-02 0.00314
580.86 8.40E-02 0.0032
580.86 8.40E-02 0.0032
581.95 8.40E-02 0.0032
581.95 8.40E-02 0.0032
583.03 8.60E-02 0.00326
583.03 8.60E-02 0.00326
583.03 8.60E-02 0.00326
584.12 8.60E-02 0.00326
584.12 8.60E-02 0.00326
585.21 8.60E-02 0.00326
585.21 8.40E-02 0.0032
585.21 8.40E-02 0.0032
586.3 8.40E-02 0.0032
586.3 8.40E-02 0.0032
587.38 8.80E-02 0.00332
587.38 8.80E-02 0.00332
587.38 8.80E-02 0.00332
588.47 8.80E-02 0.00332
588.47 8.80E-02 0.00332
589.56 8.80E-02 0.00332
589.56 8.60E-02 0.00326
589.56 8.60E-02 0.00326
590.65 8.80E-02 0.00332
590.65 8.80E-02 0.00332
591.74 8.80E-02 0.00332
591.74 8.80E-02 0.00332
591.74 8.80E-02 0.00332
592.82 8.80E-02 0.00332
592.82 8.60E-02 0.00326
593.91 8.60E-02 0.00326
593.91 8.80E-02 0.00332
593.91 8.80E-02 0.00332
595 8.80E-02 0.00332
595 8.80E-02 0.00332
596.09 8.80E-02 0.00332
596.09 8.80E-02 0.00332
596.09 8.60E-02 0.00326
597.17 8.60E-02 0.00326
597.17 8.80E-02 0.00332
598.26 8.80E-02 0.00332
598.26 9.00E-02 0.00338
598.26 9.00E-02 0.00338
599.35 9.00E-02 0.00338
599.35 9.00E-02 0.00338
600.44 9.00E-02 0.00338
600.44 9.00E-02 0.00338
600.44 8.60E-02 0.00326
601.53 8.60E-02 0.00326
601.53 9.00E-02 0.00338
602.61 9.00E-02 0.00338
602.61 9.20E-02 0.00344
602.61 9.20E-02 0.00344
603.7 9.00E-02 0.00338
603.7 9.00E-02 0.00338
604.79 9.00E-02 0.00338
604.79 9.00E-02 0.00338
604.79 9.00E-02 0.00338
605.88 9.00E-02 0.00338
605.88 9.00E-02 0.00338
606.96 9.00E-02 0.00338
606.96 9.00E-02 0.00338
606.96 9.00E-02 0.00338
608.05 9.00E-02 0.00338
608.05 9.00E-02 0.00338
609.14 9.00E-02 0.00338
609.14 9.00E-02 0.00338
609.14 9.20E-02 0.00344
610.23 9.20E-02 0.00344
610.23 9.00E-02 0.00338
611.31 9.00E-02 0.00338
611.31 9.20E-02 0.00344
611.31 9.20E-02 0.00344
612.4 9.20E-02 0.00344
612.4 9.20E-02 0.00344
613.49 9.40E-02 0.0035
613.49 9.40E-02 0.0035
613.49 9.20E-02 0.00344
614.58 9.20E-02 0.00344
614.58 9.20E-02 0.00344
615.67 9.20E-02 0.00344
615.67 9.40E-02 0.0035
615.67 9.40E-02 0.0035
616.75 9.40E-02 0.0035
616.75 9.40E-02 0.0035
617.84 9.40E-02 0.0035
617.84 9.40E-02 0.0035
617.84 9.40E-02 0.0035
618.93 9.40E-02 0.0035
618.93 9.20E-02 0.00344
620.02 9.20E-02 0.00344
620.02 9.40E-02 0.0035
620.02 9.40E-02 0.0035
621.1 9.60E-02 0.00356
621.1 9.60E-02 0.00356
622.19 9.40E-02 0.0035
622.19 9.40E-02 0.0035
622.19 9.60E-02 0.00356
623.28 9.60E-02 0.00356
623.28 9.40E-02 0.0035
624.37 9.40E-02 0.0035
624.37 9.60E-02 0.00356
624.37 9.60E-02 0.00356
625.46 9.60E-02 0.00356
625.46 9.60E-02 0.00356
626.54 9.80E-02 0.00362
626.54 9.80E-02 0.00362
626.54 9.60E-02 0.00356
627.63 9.60E-02 0.00356
627.63 9.60E-02 0.00356
628.72 9.60E-02 0.00356
628.72 1.00E-01 0.00368
628.72 1.00E-01 0.00368
629.81 9.80E-02 0.00362
629.81 9.80E-02 0.00362
630.89 9.80E-02 0.00362
630.89 9.80E-02 0.00362
630.89 9.80E-02 0.00362
631.98 9.80E-02 0.00362
631.98 9.80E-02 0.00362
633.07 9.80E-02 0.00362
633.07 9.60E-02 0.00356
633.07 9.60E-02 0.00356
634.16 1.00E-01 0.00368
634.16 1.00E-01 0.00368
635.25 9.80E-02 0.00362
635.25 9.80E-02 0.00362
635.25 1.00E-01 0.00368
636.33 1.00E-01 0.00368
636.33 1.00E-01 0.00368
637.42 1.00E-01 0.00368
637.42 9.80E-02 0.00362
637.42 9.80E-02 0.00362
638.51 9.80E-02 0.00362
638.51 9.80E-02 0.00362
639.6 9.80E-02 0.00362
639.6 9.80E-02 0.00362
639.6 1.00E-01 0.00368
640.68 1.00E-01 0.00368
640.68 1.00E-01 0.00368
641.77 1.00E-01 0.00368
641.77 1.00E-01 0.00368
641.77 1.00E-01 0.00368
642.86 1.00E-01 0.00368
642.86 1.00E-01 0.00368
643.95 1.04E-01 0.0038
643.95 1.04E-01 0.0038
643.95 1.02E-01 0.00374
645.04 1.02E-01 0.00374
645.04 1.00E-01 0.00368
646.12 1.00E-01 0.00368
646.12 1.00E-01 0.00368
646.12 1.00E-01 0.00368
647.21 1.02E-01 0.00374
647.21 1.02E-01 0.00374
648.3 1.02E-01 0.00374
648.3 1.02E-01 0.00374
648.3 1.02E-01 0.00374
649.39 1.02E-01 0.00374
649.39 1.00E-01 0.00368
650.47 1.00E-01 0.00368
650.47 1.00E-01 0.00368
650.47 1.00E-01 0.00368
651.56 1.02E-01 0.00374
651.56 1.02E-01 0.00374
652.65 1.02E-01 0.00374
652.65 1.02E-01 0.00374
652.65 1.04E-01 0.0038
653.74 1.04E-01 0.0038
653.74 1.02E-01 0.00374
654.82 1.02E-01 0.00374
654.82 1.02E-01 0.00374
654.82 1.02E-01 0.00374
655.91 1.02E-01 0.00374
655.91 1.02E-01 0.00374
657 1.02E-01 0.00374
657 1.02E-01 0.00374
657 1.02E-01 0.00374
658.09 1.02E-01 0.00374
658.09 1.02E-01 0.00374
659.18 1.02E-01 0.00374
659.18 1.02E-01 0.00374
659.18 1.02E-01 0.00374
660.26 1.04E-01 0.0038
660.26 1.04E-01 0.0038
661.35 1.02E-01 0.00374
661.35 1.02E-01 0.00374
661.35 1.02E-01 0.00374
662.44 1.02E-01 0.00374
662.44 1.02E-01 0.00374
663.53 1.02E-01 0.00374
663.53 1.02E-01 0.00374
663.53 1.02E-01 0.00374
664.61 1.02E-01 0.00374
664.61 1.02E-01 0.00374
665.7 1.04E-01 0.0038
665.7 1.04E-01 0.0038
665.7 1.02E-01 0.00374
666.79 1.02E-01 0.00374
666.79 1.02E-01 0.00374
667.88 1.02E-01 0.00374
667.88 1.02E-01 0.00374
667.88 1.02E-01 0.00374
668.97 1.02E-01 0.00374
668.97 1.02E-01 0.00374
670.05 1.02E-01 0.00374
670.05 1.02E-01 0.00374
670.05 1.04E-01 0.0038
671.14 1.04E-01 0.0038
671.14 1.02E-01 0.00374
672.23 1.02E-01 0.00374
672.23 1.02E-01 0.00374
672.23 1.02E-01 0.00374
673.32 1.04E-01 0.0038
673.32 1.04E-01 0.0038
674.4 1.02E-01 0.00374
674.4 1.02E-01 0.00374
674.4 1.06E-01 0.00386
675.49 1.06E-01 0.00386
675.49 1.04E-01 0.0038
676.58 1.04E-01 0.0038
676.58 1.04E-01 0.0038
676.58 1.04E-01 0.0038
677.67 1.02E-01 0.00374
677.67 1.02E-01 0.00374
678.76 1.04E-01 0.0038
678.76 1.04E-01 0.0038
678.76 1.04E-01 0.0038
679.84 1.04E-01 0.0038
679.84 1.04E-01 0.0038
680.93 1.04E-01 0.0038
680.93 1.04E-01 0.0038
680.93 1.04E-01 0.0038
682.02 1.04E-01 0.0038
682.02 1.04E-01 0.0038
683.11 1.02E-01 0.00374
683.11 1.02E-01 0.00374
683.11 1.04E-01 0.0038
684.19 1.04E-01 0.0038
684.19 1.06E-01 0.00386
685.28 1.06E-01 0.00386
685.28 1.06E-01 0.00386
685.28 1.06E-01 0.00386
686.37 1.04E-01 0.0038
686.37 1.04E-01 0.0038
687.46 1.06E-01 0.00386
687.46 1.06E-01 0.00386
687.46 1.06E-01 0.00386
688.55 1.06E-01 0.00386
688.55 1.04E-01 0.0038
689.63 1.04E-01 0.0038
689.63 1.06E-01 0.00386
689.63 1.06E-01 0.00386
690.72 1.06E-01 0.00386
690.72 1.06E-01 0.00386
691.81 1.04E-01 0.0038
691.81 1.04E-01 0.0038
691.81 1.06E-01 0.00386
692.9 1.06E-01 0.00386
692.9 1.06E-01 0.00386
693.98 1.06E-01 0.00386
693.98 1.06E-01 0.00386
693.98 1.06E-01 0.00386
695.07 1.06E-01 0.00386
695.07 1.06E-01 0.00386
696.16 1.08E-01 0.00392
696.16 1.08E-01 0.00392
696.16 1.08E-01 0.00392
697.25 1.08E-01 0.00392
697.25 1.08E-01 0.00392
698.33 1.08E-01 0.00392
698.33 1.06E-01 0.00386
698.33 1.06E-01 0.00386
699.42 1.08E-01 0.00392
699.42 1.08E-01 0.00392
700.51 1.10E-01 0.00398
700.51 1.10E-01 0.00398
700.51 1.08E-01 0.00392
701.6 1.08E-01 0.00392
701.6 1.10E-01 0.00398
702.69 1.10E-01 0.00398
702.69 1.08E-01 0.00392
702.69 1.08E-01 0.00392
703.77 1.10E-01 0.00398
703.77 1.10E-01 0.00398
704.86 1.08E-01 0.00392
704.86 1.08E-01 0.00392
704.86 1.08E-01 0.00392
705.95 1.08E-01 0.00392
705.95 1.10E-01 0.00398
707.04 1.10E-01 0.00398
707.04 1.12E-01 0.00404
707.04 1.12E-01 0.00404
708.12 1.10E-01 0.00398
708.12 1.10E-01 0.00398
709.21 1.10E-01 0.00398
709.21 1.10E-01 0.00398
709.21 1.14E-01 0.0041
710.3 1.14E-01 0.0041
710.3 1.12E-01 0.00404
711.39 1.12E-01 0.00404
711.39 1.12E-01 0.00404
711.39 1.12E-01 0.00404
712.48 1.10E-01 0.00398
712.48 1.10E-01 0.00398
713.56 1.12E-01 0.00404
713.56 1.12E-01 0.00404
713.56 1.12E-01 0.00404
714.65 1.12E-01 0.00404
714.65 1.10E-01 0.00398
715.74 1.10E-01 0.00398
715.74 1.10E-01 0.00398
715.74 1.10E-01 0.00398
716.83 1.14E-01 0.0041
716.83 1.14E-01 0.0041
717.91 1.14E-01 0.0041
717.91 1.14E-01 0.0041
717.91 1.14E-01 0.0041
719 1.14E-01 0.0041
719 1.12E-01 0.00404
720.09 1.12E-01 0.00404
720.09 1.12E-01 0.00404
720.09 1.12E-01 0.00404
721.18 1.12E-01 0.00404
721.18 1.12E-01 0.00404
722.27 1.14E-01 0.0041
722.27 1.14E-01 0.0041
722.27 1.14E-01 0.0041
723.35 1.14E-01 0.0041
723.35 1.14E-01 0.0041
724.44 1.14E-01 0.0041
724.44 1.14E-01 0.0041
724.44 1.14E-01 0.0041
725.53 1.14E-01 0.0041
725.53 1.14E-01 0.0041
726.62 1.14E-01 0.0041
726.62 1.14E-01 0.0041
726.62 1.14E-01 0.0041
727.7 1.14E-01 0.0041
727.7 1.14E-01 0.0041
728.79 1.14E-01 0.0041
728.79 1.14E-01 0.0041
728.79 1.14E-01 0.0041
729.88 1.14E-01 0.0041
729.88 1.14E-01 0.0041
730.97 1.14E-01 0.0041
730.97 1.14E-01 0.0041
730.97 1.14E-01 0.0041
732.06 1.14E-01 0.0041
732.06 1.14E-01 0.0041
733.14 1.14E-01 0.0041
733.14 1.14E-01 0.0041
733.14 1.14E-01 0.0041
734.23 1.14E-01 0.0041
734.23 1.14E-01 0.0041
735.32 1.14E-01 0.0041
735.32 1.14E-01 0.0041
735.32 1.14E-01 0.0041
736.41 1.14E-01 0.0041
736.41 1.12E-01 0.00404
737.49 1.12E-01 0.00404
737.49 1.14E-01 0.0041
737.49 1.14E-01 0.0041
738.58 1.12E-01 0.00404
738.58 1.12E-01 0.00404
739.67 1.14E-01 0.0041
739.67 1.14E-01 0.0041
739.67 1.12E-01 0.00404
740.76 1.12E-01 0.00404
740.76 1.14E-01 0.0041
741.84 1.14E-01 0.0041
741.84 1.12E-01 0.00404
741.84 1.12E-01 0.00404
742.93 1.14E-01 0.0041
742.93 1.14E-01 0.0041
744.02 1.14E-01 0.0041
744.02 1.14E-01 0.0041
744.02 1.14E-01 0.0041
745.11 1.14E-01 0.0041
745.11 1.10E-01 0.00398
746.2 1.10E-01 0.00398
746.2 1.12E-01 0.00404
746.2 1.12E-01 0.00404
747.28 1.12E-01 0.00404
747.28 1.12E-01 0.00404
748.37 1.12E-01 0.00404
748.37 1.12E-01 0.00404
748.37 1.14E-01 0.0041
749.46 1.14E-01 0.0041
749.46 1.14E-01 0.0041
750.55 1.14E-01 0.0041
750.55 1.10E-01 0.00398
750.55 1.10E-01 0.00398
751.63 1.12E-01 0.00404
751.63 1.12E-01 0.00404
752.72 1.12E-01 0.00404
752.72 1.12E-01 0.00404
752.72 1.12E-01 0.00404
753.81 1.12E-01 0.00404
753.81 1.10E-01 0.00398
754.9 1.10E-01 0.00398
754.9 1.10E-01 0.00398
754.9 1.10E-01 0.00398
755.99 1.08E-01 0.00392
755.99 1.08E-01 0.00392
757.07 1.12E-01 0.00404
757.07 1.12E-01 0.00404
757.07 1.08E-01 0.00392
758.16 1.08E-01 0.00392
758.16 1.06E-01 0.00386
759.25 1.06E-01 0.00386
759.25 1.08E-01 0.00392
759.25 1.08E-01 0.00392
760.34 1.06E-01 0.00386
760.34 1.06E-01 0.00386
761.42 1.08E-01 0.00392
761.42 1.08E-01 0.00392
761.42 1.06E-01 0.00386
762.51 1.06E-01 0.00386
762.51 1.06E-01 0.00386
763.6 1.06E-01 0.00386
763.6 1.06E-01 0.00386
763.6 1.06E-01 0.00386
764.69 1.06E-01 0.00386
764.69 1.06E-01 0.00386
765.78 1.06E-01 0.00386
765.78 1.06E-01 0.00386
765.78 1.02E-01 0.00374
766.86 1.02E-01 0.00374
766.86 1.06E-01 0.00386
767.95 1.06E-01 0.00386
767.95 1.04E-01 0.0038
767.95 1.04E-01 0.0038
769.04 1.04E-01 0.0038
769.04 1.04E-01 0.0038
770.13 1.02E-01 0.00374
770.13 1.02E-01 0.00374
770.13 1.04E-01 0.0038
771.21 1.04E-01 0.0038
771.21 1.04E-01 0.0038
772.3 1.04E-01 0.0038
772.3 1.04E-01 0.0038
772.3 1.04E-01 0.0038
773.39 1.02E-01 0.00374
773.39 1.02E-01 0.00374
774.48 1.02E-01 0.00374
774.48 1.02E-01 0.00374
774.48 1.02E-01 0.00374
775.57 1.02E-01 0.00374
775.57 1.02E-01 0.00374
776.65 1.02E-01 0.00374
776.65 1.02E-01 0.00374
776.65 1.02E-01 0.00374
777.74 1.04E-01 0.0038
777.74 1.04E-01 0.0038
778.83 1.02E-01 0.00374
778.83 1.02E-01 0.00374
778.83 1.00E-01 0.00368
779.92 1.00E-01 0.00368
779.92 1.04E-01 0.0038
781 1.04E-01 0.0038
781 1.02E-01 0.00374
781 1.02E-01 0.00374
782.09 1.04E-01 0.0038
782.09 1.04E-01 0.0038
783.18 1.04E-01 0.0038
783.18 1.04E-01 0.0038
783.18 1.02E-01 0.00374
784.27 1.02E-01 0.00374
784.27 1.02E-01 0.00374
785.35 1.02E-01 0.00374
785.35 1.04E-01 0.0038
785.35 1.04E-01 0.0038
786.44 1.02E-01 0.00374
786.44 1.02E-01 0.00374
787.53 1.04E-01 0.0038
787.53 1.04E-01 0.0038
787.53 1.02E-01 0.00374
788.62 1.02E-01 0.00374
788.62 1.04E-01 0.0038
789.71 1.04E-01 0.0038
789.71 1.04E-01 0.0038
789.71 1.04E-01 0.0038
790.79 1.02E-01 0.00374
790.79 1.02E-01 0.00374
791.88 1.06E-01 0.00386
791.88 1.06E-01 0.00386
791.88 1.06E-01 0.00386
792.97 1.06E-01 0.00386
792.97 1.02E-01 0.00374
794.06 1.02E-01 0.00374
794.06 1.04E-01 0.0038
794.06 1.04E-01 0.0038
795.14 1.04E-01 0.0038
795.14 1.04E-01 0.0038
796.23 1.04E-01 0.0038
796.23 1.04E-01 0.0038
796.23 1.04E-01 0.0038
797.32 1.04E-01 0.0038
797.32 1.04E-01 0.0038
798.41 1.04E-01 0.0038
798.41 1.04E-01 0.0038
798.41 1.04E-01 0.0038
799.5 1.04E-01 0.0038
799.5 1.04E-01 0.0038
800.58 1.04E-01 0.0038
800.58 1.04E-01 0.0038
800.58 1.04E-01 0.0038
801.67 1.04E-01 0.0038
801.67 1.06E-01 0.00386
802.76 1.06E-01 0.00386
802.76 1.02E-01 0.00374
802.76 1.02E-01 0.00374
803.85 1.04E-01 0.0038
803.85 1.04E-01 0.0038
804.93 1.06E-01 0.00386
804.93 1.06E-01 0.00386
804.93 1.02E-01 0.00374
806.02 1.02E-01 0.00374
806.02 1.06E-01 0.00386
807.11 1.06E-01 0.00386
807.11 1.06E-01 0.00386
807.11 1.06E-01 0.00386
808.2 1.02E-01 0.00374
808.2 1.02E-01 0.00374
809.29 1.04E-01 0.0038
809.29 1.04E-01 0.0038
809.29 1.02E-01 0.00374
810.37 1.02E-01 0.00374
810.37 1.04E-01 0.0038
811.46 1.04E-01 0.0038
811.46 1.04E-01 0.0038
811.46 1.04E-01 0.0038
812.55 1.04E-01 0.0038
812.55 1.04E-01 0.0038
813.64 1.06E-01 0.00386
813.64 1.06E-01 0.00386
813.64 1.02E-01 0.00374
814.72 1.02E-01 0.00374
814.72 1.02E-01 0.00374
815.81 1.02E-01 0.00374
815.81 1.04E-01 0.0038
815.81 1.04E-01 0.0038
816.9 1.02E-01 0.00374
816.9 1.02E-01 0.00374
817.99 1.02E-01 0.00374
817.99 1.02E-01 0.00374
817.99 1.02E-01 0.00374
819.07 1.02E-01 0.00374
819.07 1.02E-01 0.00374
820.16 1.02E-01 0.00374
820.16 1.04E-01 0.0038
820.16 1.04E-01 0.0038
821.25 1.02E-01 0.00374
821.25 1.02E-01 0.00374
822.34 1.00E-01 0.00368
822.34 1.00E-01 0.00368
822.34 1.00E-01 0.00368
823.43 1.00E-01 0.00368
823.43 1.00E-01 0.00368
824.51 1.00E-01 0.00368
824.51 1.02E-01 0.00374
824.51 1.02E-01 0.00374
825.6 1.02E-01 0.00374
825.6 1.02E-01 0.00374
826.69 1.02E-01 0.00374
826.69 1.02E-01 0.00374
826.69 1.00E-01 0.00368
827.78 1.00E-01 0.00368
827.78 9.80E-02 0.00362
828.86 9.80E-02 0.00362
828.86 1.00E-01 0.00368
828.86 1.00E-01 0.00368
829.95 9.80E-02 0.00362
829.95 9.80E-02 0.00362
831.04 1.00E-01 0.00368
831.04 1.00E-01 0.00368
831.04 9.80E-02 0.00362
832.13 9.80E-02 0.00362
832.13 9.60E-02 0.00356
833.22 9.60E-02 0.00356
833.22 9.80E-02 0.00362
833.22 9.80E-02 0.00362
834.3 9.80E-02 0.00362
834.3 9.80E-02 0.00362
835.39 9.80E-02 0.00362
835.39 9.80E-02 0.00362
835.39 9.60E-02 0.00356
836.48 9.60E-02 0.00356
836.48 9.60E-02 0.00356
837.57 9.60E-02 0.00356
837.57 9.60E-02 0.00356
837.57 9.60E-02 0.00356
838.65 9.40E-02 0.0035
838.65 9.40E-02 0.0035
839.74 9.40E-02 0.0035
839.74 9.40E-02 0.0035
839.74 9.40E-02 0.0035
840.83 9.40E-02 0.0035
840.83 9.40E-02 0.0035
841.92 9.40E-02 0.0035
841.92 9.20E-02 0.00344
841.92 9.20E-02 0.00344
843.01 9.00E-02 0.00338
843.01 9.00E-02 0.00338
844.09 9.20E-02 0.00344
844.09 9.20E-02 0.00344
844.09 9.20E-02 0.00344
845.18 9.20E-02 0.00344
845.18 9.20E-02 0.00344
846.27 9.20E-02 0.00344
846.27 9.20E-02 0.00344
846.27 9.20E-02 0.00344
847.36 9.00E-02 0.00338
847.36 9.00E-02 0.00338
848.44 9.00E-02 0.00338
848.44 9.00E-02 0.00338
848.44 9.20E-02 0.00344
849.53 9.20E-02 0.00344
849.53 9.00E-02 0.00338
850.62 9.00E-02 0.00338
850.62 9.20E-02 0.00344
850.62 9.20E-02 0.00344
851.71 9.00E-02 0.00338
851.71 9.00E-02 0.00338
852.8 9.00E-02 0.00338
852.8 9.00E-02 0.00338
852.8 9.00E-02 0.00338
853.88 9.00E-02 0.00338
853.88 9.00E-02 0.00338
854.97 9.00E-02 0.00338
854.97 9.00E-02 0.00338
854.97 9.00E-02 0.00338
856.06 9.20E-02 0.00344
856.06 9.20E-02 0.00344
857.15 9.20E-02 0.00344
857.15 9.20E-02 0.00344
857.15 9.20E-02 0.00344
858.23 9.20E-02 0.00344
858.23 9.20E-02 0.00344
859.32 9.20E-02 0.00344
859.32 9.20E-02 0.00344
859.32 9.20E-02 0.00344
860.41 9.40E-02 0.0035
860.41 9.40E-02 0.0035
861.5 9.20E-02 0.00344
861.5 9.20E-02 0.00344
861.5 9.20E-02 0.00344
862.58 9.20E-02 0.00344
862.58 9.60E-02 0.00356
863.67 9.60E-02 0.00356
863.67 9.40E-02 0.0035
863.67 9.40E-02 0.0035
864.76 9.60E-02 0.00356
864.76 9.60E-02 0.00356
865.85 9.60E-02 0.00356
865.85 9.60E-02 0.00356
865.85 9.40E-02 0.0035
866.94 9.40E-02 0.0035
866.94 9.80E-02 0.00362
868.02 9.80E-02 0.00362
868.02 9.60E-02 0.00356
868.02 9.60E-02 0.00356
869.11 9.60E-02 0.00356
869.11 9.60E-02 0.00356
870.2 9.80E-02 0.00362
870.2 9.80E-02 0.00362
870.2 9.80E-02 0.00362
871.29 9.80E-02 0.00362
871.29 1.00E-01 0.00368
872.37 1.00E-01 0.00368
872.37 9.80E-02 0.00362
872.37 9.80E-02 0.00362
873.46 1.00E-01 0.00368
873.46 1.00E-01 0.00368
874.55 1.00E-01 0.00368
874.55 1.00E-01 0.00368
874.55 1.00E-01 0.00368
875.64 1.00E-01 0.00368
875.64 9.80E-02 0.00362
876.73 9.80E-02 0.00362
876.73 1.00E-01 0.00368
876.73 1.00E-01 0.00368
877.81 1.02E-01 0.00374
877.81 1.02E-01 0.00374
878.9 1.02E-01 0.00374
878.9 1.02E-01 0.00374
878.9 1.02E-01 0.00374
879.99 1.02E-01 0.00374
879.99 1.02E-01 0.00374
881.08 1.02E-01 0.00374
881.08 1.02E-01 0.00374
881.08 1.02E-01 0.00374
882.16 1.02E-01 0.00374
882.16 1.02E-01 0.00374
883.25 1.04E-01 0.0038
883.25 1.04E-01 0.0038
883.25 1.02E-01 0.00374
884.34 1.02E-01 0.00374
884.34 1.04E-01 0.0038
885.43 1.04E-01 0.0038
885.43 1.04E-01 0.0038
885.43 1.04E-01 0.0038
886.52 1.04E-01 0.0038
886.52 1.04E-01 0.0038
887.6 1.06E-01 0.00386
887.6 1.06E-01 0.00386
887.6 1.04E-01 0.0038
888.69 1.04E-01 0.0038
888.69 1.04E-01 0.0038
889.78 1.04E-01 0.0038
889.78 1.04E-01 0.0038
889.78 1.04E-01 0.0038
890.87 1.02E-01 0.00374
890.87 1.02E-01 0.00374
891.95 1.02E-01 0.00374
891.95 1.02E-01 0.00374
891.95 1.04E-01 0.0038
893.04 1.04E-01 0.0038
893.04 1.06E-01 0.00386
894.13 1.06E-01 0.00386
894.13 1.02E-01 0.00374
894.13 1.02E-01 0.00374
895.22 1.04E-01 0.0038
895.22 1.04E-01 0.0038
896.31 1.04E-01 0.0038
896.31 1.04E-01 0.0038
896.31 1.02E-01 0.00374
897.39 1.02E-01 0.00374
897.39 1.04E-01 0.0038
898.48 1.04E-01 0.0038
898.48 1.04E-01 0.0038
898.48 1.04E-01 0.0038
899.57 1.04E-01 0.0038
899.57 1.04E-01 0.0038
900.66 1.02E-01 0.00374
900.66 1.02E-01 0.00374
900.66 1.06E-01 0.00386
901.74 1.06E-01 0.00386
901.74 1.04E-01 0.0038
902.83 1.04E-01 0.0038
902.83 1.04E-01 0.0038
902.83 1.04E-01 0.0038
903.92 1.04E-01 0.0038
903.92 1.04E-01 0.0038
905.01 1.04E-01 0.0038
905.01 1.04E-01 0.0038
905.01 1.02E-01 0.00374
906.09 1.02E-01 0.00374
906.09 1.02E-01 0.00374
907.18 1.02E-01 0.00374
907.18 1.04E-01 0.0038
907.18 1.04E-01 0.0038
908.27 1.04E-01 0.0038
908.27 1.04E-01 0.0038
909.36 1.06E-01 0.00386
909.36 1.06E-01 0.00386
909.36 1.06E-01 0.00386
910.45 1.06E-01 0.00386
910.45 1.02E-01 0.00374
911.53 1.02E-01 0.00374
911.53 1.04E-01 0.0038
911.53 1.04E-01 0.0038
912.62 1.02E-01 0.00374
912.62 1.02E-01 0.00374
913.71 1.02E-01 0.00374
913.71 1.02E-01 0.00374
913.71 1.04E-01 0.0038
914.8 1.04E-01 0.0038
914.8 1.04E-01 0.0038
915.88 1.04E-01 0.0038
915.88 1.06E-01 0.00386
915.88 1.06E-01 0.00386
916.97 1.00E-01 0.00368
916.97 1.00E-01 0.00368
918.06 1.02E-01 0.00374
918.06 1.02E-01 0.00374
918.06 1.02E-01 0.00374
919.15 1.02E-01 0.00374
919.15 1.00E-01 0.00368
920.24 1.00E-01 0.00368
920.24 1.02E-01 0.00374
920.24 1.02E-01 0.00374
921.32 1.02E-01 0.00374
921.32 1.02E-01 0.00374
922.41 1.00E-01 0.00368
922.41 1.00E-01 0.00368
922.41 1.02E-01 0.00374
923.5 1.02E-01 0.00374
923.5 1.00E-01 0.00368
924.59 1.00E-01 0.00368
924.59 1.00E-01 0.00368
924.59 1.00E-01 0.00368
925.67 1.00E-01 0.00368
925.67 1.00E-01 0.00368
926.76 1.00E-01 0.00368
926.76 1.00E-01 0.00368
926.76 1.00E-01 0.00368
927.85 1.00E-01 0.00368
927.85 9.80E-02 0.00362
928.94 9.80E-02 0.00362
928.94 1.00E-01 0.00368
928.94 1.00E-01 0.00368
930.03 9.80E-02 0.00362
930.03 9.80E-02 0.00362
931.11 9.80E-02 0.00362
931.11 9.80E-02 0.00362
931.11 9.80E-02 0.00362
932.2 9.80E-02 0.00362
932.2 9.80E-02 0.00362
933.29 9.80E-02 0.00362
933.29 9.80E-02 0.00362
933.29 9.80E-02 0.00362
934.38 9.80E-02 0.00362
934.38 9.80E-02 0.00362
935.46 9.80E-02 0.00362
935.46 9.80E-02 0.00362
935.46 9.60E-02 0.00356
936.55 9.60E-02 0.00356
936.55 9.80E-02 0.00362
937.64 9.80E-02 0.00362
937.64 9.80E-02 0.00362
937.64 9.80E-02 0.00362
938.73 9.40E-02 0.0035
938.73 9.40E-02 0.0035
939.82 9.40E-02 0.0035
939.82 9.40E-02 0.0035
939.82 9.40E-02 0.0035
940.9 9.40E-02 0.0035
940.9 9.60E-02 0.00356
941.99 9.60E-02 0.00356
941.99 9.40E-02 0.0035
941.99 9.40E-02 0.0035
943.08 9.20E-02 0.00344
943.08 9.20E-02 0.00344
944.17 9.20E-02 0.00344
944.17 9.20E-02 0.00344
944.17 9.40E-02 0.0035
945.25 9.40E-02 0.0035
945.25 9.20E-02 0.00344
946.34 9.20E-02 0.00344
946.34 9.40E-02 0.0035
946.34 9.40E-02 0.0035
947.43 9.40E-02 0.0035
947.43 9.40E-02 0.0035
948.52 9.40E-02 0.0035
948.52 9.40E-02 0.0035
948.52 9.20E-02 0.00344
949.6 9.20E-02 0.00344
949.6 9.20E-02 0.00344
950.69 9.20E-02 0.00344
950.69 9.00E-02 0.00338
950.69 9.00E-02 0.00338
951.78 9.20E-02 0.00344
951.78 9.20E-02 0.00344
952.87 9.00E-02 0.00338
952.87 9.00E-02 0.00338
952.87 9.20E-02 0.00344
953.96 9.20E-02 0.00344
953.96 9.20E-02 0.00344
955.04 9.20E-02 0.00344
955.04 9.40E-02 0.0035
955.04 9.40E-02 0.0035
956.13 9.20E-02 0.00344
956.13 9.20E-02 0.00344
957.22 9.40E-02 0.0035
957.22 9.40E-02 0.0035
957.22 9.20E-02 0.00344
958.31 9.20E-02 0.00344
958.31 9.40E-02 0.0035
959.39 9.40E-02 0.0035
959.39 9.40E-02 0.0035
959.39 9.40E-02 0.0035
960.48 9.20E-02 0.00344
960.48 9.20E-02 0.00344
961.57 9.40E-02 0.0035
961.57 9.40E-02 0.0035
961.57 9.40E-02 0.0035
962.66 9.40E-02 0.0035
962.66 9.40E-02 0.0035
963.75 9.40E-02 0.0035
963.75 9.40E-02 0.0035
963.75 9.40E-02 0.0035
964.83 9.40E-02 0.0035
964.83 9.40E-02 0.0035
965.92 9.40E-02 0.0035
965.92 9.40E-02 0.0035
965.92 9.40E-02 0.0035
967.01 9.40E-02 0.0035
967.01 9.40E-02 0.0035
968.1 9.40E-02 0.0035
968.1 9.60E-02 0.00356
968.1 9.60E-02 0.00356
969.18 9.40E-02 0.0035
969.18 9.40E-02 0.0035
970.27 9.60E-02 0.00356
970.27 9.60E-02 0.00356
970.27 9.60E-02 0.00356
971.36 9.60E-02 0.00356
971.36 9.40E-02 0.0035
972.45 9.40E-02 0.0035
972.45 9.60E-02 0.00356
972.45 9.60E-02 0.00356
973.54 9.60E-02 0.00356
973.54 9.60E-02 0.00356
974.62 9.40E-02 0.0035
974.62 9.40E-02 0.0035
974.62 9.60E-02 0.00356
975.71 9.60E-02 0.00356
975.71 9.80E-02 0.00362
976.8 9.80E-02 0.00362
976.8 9.80E-02 0.00362
976.8 9.80E-02 0.00362
977.89 9.80E-02 0.00362
977.89 9.80E-02 0.00362
978.97 9.80E-02 0.00362
978.97 9.80E-02 0.00362
978.97 9.60E-02 0.00356
980.06 9.60E-02 0.00356
980.06 9.80E-02 0.00362
981.15 9.80E-02 0.00362
981.15 9.80E-02 0.00362
981.15 9.80E-02 0.00362
982.24 9.80E-02 0.00362
982.24 9.80E-02 0.00362
983.33 9.80E-02 0.00362
983.33 9.80E-02 0.00362
983.33 9.60E-02 0.00356
984.41 9.60E-02 0.00356
984.41 9.80E-02 0.00362
985.5 9.80E-02 0.00362
985.5 9.80E-02 0.00362
985.5 9.80E-02 0.00362
986.59 9.80E-02 0.00362
986.59 9.80E-02 0.00362
987.68 9.80E-02 0.00362
987.68 9.80E-02 0.00362
987.68 9.80E-02 0.00362
988.76 9.80E-02 0.00362
988.76 9.80E-02 0.00362
989.85 9.80E-02 0.00362
989.85 9.80E-02 0.00362
989.85 9.80E-02 0.00362
990.94 9.80E-02 0.00362
990.94 9.80E-02 0.00362
992.03 9.80E-02 0.00362
992.03 9.80E-02 0.00362
992.03 9.80E-02 0.00362
993.11 9.80E-02 0.00362
993.11 9.60E-02 0.00356
994.2 9.60E-02 0.00356
994.2 9.80E-02 0.00362
994.2 9.80E-02 0.00362
995.29 9.80E-02 0.00362
995.29 9.80E-02 0.00362
996.38 9.80E-02 0.00362
996.38 9.80E-02 0.00362
996.38 9.60E-02 0.00356
997.47 9.60E-02 0.00356
997.47 9.80E-02 0.00362
998.55 9.80E-02 0.00362
998.55 9.80E-02 0.00362
998.55 9.80E-02 0.00362
999.64 9.80E-02 0.00362
999.64 9.80E-02 0.00362
1000.73 9.60E-02 0.00356
1000.73 9.60E-02 0.00356
1000.73 9.60E-02 0.00356
1001.82 9.60E-02 0.00356
1001.82 9.80E-02 0.00362
1002.9 9.80E-02 0.00362
1002.9 9.80E-02 0.00362
1002.9 9.80E-02 0.00362
1003.99 9.80E-02 0.00362
1003.99 9.80E-02 0.00362
1005.08 9.80E-02 0.00362
1005.08 9.80E-02 0.00362
1005.08 9.60E-02 0.00356
1006.17 9.60E-02 0.00356
1006.17 9.80E-02 0.00362
1007.26 9.80E-02 0.00362
1007.26 9.60E-02 0.00356
1007.26 9.60E-02 0.00356
1008.34 9.60E-02 0.00356
1008.34 9.60E-02 0.00356
1009.43 9.80E-02 0.00362
1009.43 9.80E-02 0.00362
1009.43 9.80E-02 0.00362
1010.52 9.80E-02 0.00362
1010.52 9.40E-02 0.0035
1011.61 9.40E-02 0.0035
1011.61 9.60E-02 0.00356
1011.61 9.60E-02 0.00356
1012.69 9.60E-02 0.00356
1012.69 9.60E-02 0.00356
1013.78 9.80E-02 0.00362
1013.78 9.80E-02 0.00362
1013.78 9.20E-02 0.00344
1014.87 9.20E-02 0.00344
1014.87 9.40E-02 0.0035
1015.96 9.40E-02 0.0035
1015.96 9.40E-02 0.0035
1015.96 9.40E-02 0.0035
1017.05 9.40E-02 0.0035
1017.05 9.40E-02 0.0035
1018.13 9.20E-02 0.00344
1018.13 9.20E-02 0.00344
1018.13 9.40E-02 0.0035
1019.22 9.40E-02 0.0035
1019.22 9.60E-02 0.00356
1020.31 9.60E-02 0.00356
1020.31 9.20E-02 0.00344
1020.31 9.20E-02 0.00344
1021.4 9.20E-02 0.00344
1021.4 9.20E-02 0.00344
1022.48 9.40E-02 0.0035
1022.48 9.40E-02 0.0035
1022.48 9.40E-02 0.0035
1023.57 9.40E-02 0.0035
1023.57 9.20E-02 0.00344
1024.66 9.20E-02 0.00344
1024.66 9.20E-02 0.00344
1024.66 9.20E-02 0.00344
1025.75 9.20E-02 0.00344
1025.75 9.20E-02 0.00344
1026.84 9.00E-02 0.00338
1026.84 9.00E-02 0.00338
1026.84 9.20E-02 0.00344
1027.92 9.20E-02 0.00344
1027.92 9.20E-02 0.00344
1029.01 9.20E-02 0.00344
1029.01 9.00E-02 0.00338
1029.01 9.00E-02 0.00338
1030.1 9.20E-02 0.00344
1030.1 9.20E-02 0.00344
1031.19 9.00E-02 0.00338
1031.19 9.00E-02 0.00338
1031.19 9.20E-02 0.00344
1032.27 9.20E-02 0.00344
1032.27 9.00E-02 0.00338
1033.36 9.00E-02 0.00338
1033.36 9.00E-02 0.00338
1033.36 9.00E-02 0.00338
1034.45 9.20E-02 0.00344
1034.45 9.20E-02 0.00344
1035.54 9.00E-02 0.00338
1035.54 9.00E-02 0.00338
1035.54 9.40E-02 0.0035
1036.62 9.40E-02 0.0035
1036.62 9.00E-02 0.00338
1037.71 9.00E-02 0.00338
1037.71 9.00E-02 0.00338
1037.71 9.00E-02 0.00338
1038.8 9.00E-02 0.00338
1038.8 9.00E-02 0.00338
1039.89 9.00E-02 0.00338
1039.89 9.00E-02 0.00338
1039.89 9.20E-02 0.00344
1040.98 9.20E-02 0.00344
1040.98 9.00E-02 0.00338
1042.06 9.00E-02 0.00338
1042.06 9.00E-02 0.00338
1042.06 9.00E-02 0.00338
1043.15 9.00E-02 0.00338
1043.15 9.00E-02 0.00338
1044.24 9.00E-02 0.00338
1044.24 9.00E-02 0.00338
1044.24 8.80E-02 0.00332
1045.33 8.80E-02 0.00332
1045.33 9.00E-02 0.00338
1046.41 9.00E-02 0.00338
1046.41 9.00E-02 0.00338
1046.41 9.00E-02 0.00338
1047.5 9.00E-02 0.00338
1047.5 9.00E-02 0.00338
1048.59 8.80E-02 0.00332
1048.59 8.80E-02 0.00332
1048.59 8.60E-02 0.00326
1049.68 8.60E-02 0.00326
1049.68 8.80E-02 0.00332
1050.77 8.80E-02 0.00332
1050.77 9.00E-02 0.00338
1050.77 9.00E-02 0.00338
1051.85 8.80E-02 0.00332
1051.85 8.80E-02 0.00332
1052.94 8.80E-02 0.00332
1052.94 8.80E-02 0.00332
1052.94 8.80E-02 0.00332
1054.03 8.80E-02 0.00332
1054.03 8.60E-02 0.00326
1055.12 8.60E-02 0.00326
1055.12 8.80E-02 0.00332
1055.12 8.80E-02 0.00332
1056.2 8.60E-02 0.00326
1056.2 8.60E-02 0.00326
1057.29 8.60E-02 0.00326
1057.29 8.60E-02 0.00326
1057.29 8.60E-02 0.00326
1058.38 8.60E-02 0.00326
1058.38 8.60E-02 0.00326
1059.47 8.60E-02 0.00326
1059.47 8.60E-02 0.00326
1059.47 8.60E-02 0.00326
1060.56 8.60E-02 0.00326
1060.56 8.60E-02 0.00326
1061.64 8.60E-02 0.00326
1061.64 8.60E-02 0.00326
1061.64 8.60E-02 0.00326
1062.73 8.60E-02 0.00326
1062.73 8.40E-02 0.0032
1063.82 8.40E-02 0.0032
1063.82 8.60E-02 0.00326
1063.82 8.60E-02 0.00326
1064.91 8.60E-02 0.00326
1064.91 8.60E-02 0.00326
1065.99 8.20E-02 0.00314
1065.99 8.20E-02 0.00314
1065.99 8.20E-02 0.00314
1067.08 8.20E-02 0.00314
1067.08 8.40E-02 0.0032
1068.17 8.40E-02 0.0032
1068.17 8.20E-02 0.00314
1068.17 8.20E-02 0.00314
1069.26 8.20E-02 0.00314
1069.26 8.20E-02 0.00314
1070.35 8.60E-02 0.00326
1070.35 8.60E-02 0.00326
1070.35 8.40E-02 0.0032
1071.43 8.40E-02 0.0032
1071.43 8.40E-02 0.0032
1072.52 8.40E-02 0.0032
1072.52 8.20E-02 0.00314
1072.52 8.20E-02 0.00314
1073.61 8.20E-02 0.00314
1073.61 8.20E-02 0.00314
1074.7 8.20E-02 0.00314
1074.7 8.20E-02 0.00314
1074.7 8.20E-02 0.00314
1075.78 8.20E-02 0.00314
1075.78 8.20E-02 0.00314
1076.87 8.20E-02 0.00314
1076.87 8.20E-02 0.00314
1076.87 8.20E-02 0.00314
1077.96 8.20E-02 0.00314
1077.96 8.20E-02 0.00314
1079.05 8.40E-02 0.0032
1079.05 8.40E-02 0.0032
1079.05 8.20E-02 0.00314
1080.13 8.20E-02 0.00314
1080.13 8.00E-02 0.00308
1081.22 8.00E-02 0.00308
1081.22 8.20E-02 0.00314
1081.22 8.20E-02 0.00314
1082.31 8.00E-02 0.00308
1082.31 8.00E-02 0.00308
1083.4 8.00E-02 0.00308
1083.4 8.00E-02 0.00308
1083.4 8.00E-02 0.00308
1084.49 8.00E-02 0.00308
1084.49 8.00E-02 0.00308
1085.57 8.00E-02 0.00308
1085.57 8.00E-02 0.00308
1085.57 8.00E-02 0.00308
1086.66 8.00E-02 0.00308
1086.66 8.00E-02 0.00308
1087.75 8.00E-02 0.00308
1087.75 8.00E-02 0.00308
1087.75 7.80E-02 0.00302
1088.84 7.80E-02 0.00302
1088.84 8.20E-02 0.00314
1089.92 8.20E-02 0.00314
1089.92 8.00E-02 0.00308
1089.92 8.00E-02 0.00308
1091.01 8.00E-02 0.00308
1091.01 8.00E-02 0.00308
1092.1 7.80E-02 0.00302
1092.1 7.80E-02 0.00302
1092.1 8.00E-02 0.00308
1093.19 8.00E-02 0.00308
1093.19 7.80E-02 0.00302
1094.28 7.80E-02 0.00302
1094.28 7.80E-02 0.00302
1094.28 7.80E-02 0.00302
1095.36 7.80E-02 0.00302
1095.36 7.80E-02 0.00302
1096.45 7.60E-02 0.00296
1096.45 7.60E-02 0.00296
1096.45 7.60E-02 0.00296
1097.54 7.60E-02 0.00296
1097.54 7.60E-02 0.00296
1098.63 7.60E-02 0.00296
1098.63 7.80E-02 0.00302
1098.63 7.80E-02 0.00302
1099.71 7.80E-02 0.00302
1099.71 7.80E-02 0.00302
1100.8 7.40E-02 0.0029
1100.8 7.40E-02 0.0029
1100.8 7.60E-02 0.00296
1101.89 7.60E-02 0.00296
1101.89 7.80E-02 0.00302
1102.98 7.80E-02 0.00302
1102.98 7.60E-02 0.00296
1102.98 7.60E-02 0.00296
1104.07 7.60E-02 0.00296
1104.07 7.60E-02 0.00296
1105.15 7.40E-02 0.0029
1105.15 7.40E-02 0.0029
1105.15 7.60E-02 0.00296
1106.24 7.60E-02 0.00296
1106.24 7.40E-02 0.0029
1107.33 7.40E-02 0.0029
1107.33 7.40E-02 0.0029
1107.33 7.40E-02 0.0029
1108.42 7.60E-02 0.00296
1108.42 7.60E-02 0.00296
1109.5 7.40E-02 0.0029
1109.5 7.40E-02 0.0029
1109.94 7.40E-02 0.0029
1110.37 7.40E-02 0.0029
1110.81 7.60E-02 0.00296
1111.24 7.60E-02 0.00296
1111.68 7.40E-02 0.0029
1112.11 7.40E-02 0.0029
1112.55 7.60E-02 0.00296
1112.98 7.60E-02 0.00296
1113.42 7.40E-02 0.0029
1113.85 7.40E-02 0.0029
1114.29 7.40E-02 0.0029
1114.73 7.40E-02 0.0029
1115.16 7.40E-02 0.0029
1115.6 7.40E-02 0.0029
1116.03 7.40E-02 0.0029
1116.47 7.40E-02 0.0029
1116.9 7.40E-02 0.0029
1117.34 7.40E-02 0.0029
1117.77 7.20E-02 0.00284
1118.21 7.20E-02 0.00284
1118.64 7.20E-02 0.00284
1119.08 7.20E-02 0.00284
1119.51 7.20E-02 0.00284
1119.95 7.20E-02 0.00284
1120.38 7.00E-02 0.00278
1120.82 7.00E-02 0.00278
1121.25 7.40E-02 0.0029
1121.69 7.40E-02 0.0029
1122.12 7.20E-02 0.00284
1122.56 7.20E-02 0.00284
1122.99 7.00E-02 0.00278
1123.43 7.00E-02 0.00278
1123.86 7.20E-02 0.00284
1124.3 7.20E-02 0.00284
1124.73 7.20E-02 0.00284
1125.17 7.20E-02 0.00284
1125.6 7.00E-02 0.00278
1126.04 7.00E-02 0.00278
1126.47 7.20E-02 0.00284
1126.91 7.20E-02 0.00284
1127.34 7.00E-02 0.00278
1127.78 7.00E-02 0.00278
1128.21 7.20E-02 0.00284
1128.65 7.20E-02 0.00284
1129.08 7.00E-02 0.00278
1129.52 7.00E-02 0.00278
1129.95 6.80E-02 0.00272
1130.39 6.80E-02 0.00272
1130.82 7.00E-02 0.00278
1131.26 7.00E-02 0.00278
1131.69 7.00E-02 0.00278
1132.13 7.00E-02 0.00278
1132.56 7.20E-02 0.00284
1133 7.20E-02 0.00284
1133.43 6.80E-02 0.00272
1133.87 6.80E-02 0.00272
1134.3 6.80E-02 0.00272
1134.74 6.80E-02 0.00272
1135.17 7.00E-02 0.00278
1135.61 7.00E-02 0.00278
1136.05 6.80E-02 0.00272
1136.48 6.80E-02 0.00272
1136.92 6.80E-02 0.00272
1137.35 6.80E-02 0.00272
1137.79 6.80E-02 0.00272
1138.22 6.80E-02 0.00272
1138.66 6.60E-02 0.00266
1139.09 6.60E-02 0.00266
1139.53 6.80E-02 0.00272
1139.96 6.80E-02 0.00272
1140.4 6.80E-02 0.00272
1140.83 6.80E-02 0.00272
1141.27 6.80E-02 0.00272
1141.7 6.80E-02 0.00272
1142.14 6.80E-02 0.00272
1142.57 6.80E-02 0.00272
1143.01 6.60E-02 0.00266
1143.44 6.60E-02 0.00266
1143.88 6.80E-02 0.00272
1144.31 6.80E-02 0.00272
1144.75 6.80E-02 0.00272
1145.18 6.80E-02 0.00272
1145.62 6.60E-02 0.00266
1146.05 6.60E-02 0.00266
1146.49 6.60E-02 0.00266
1146.92 6.60E-02 0.00266
1147.36 6.80E-02 0.00272
1147.79 6.80E-02 0.00272
1148.23 6.80E-02 0.00272
1148.66 6.80E-02 0.00272
1149.1 6.60E-02 0.00266
1149.53 6.60E-02 0.00266
1149.97 6.60E-02 0.00266
1150.4 6.60E-02 0.00266
1150.84 6.60E-02 0.00266
1151.27 6.60E-02 0.00266
1151.71 6.60E-02 0.00266
1152.14 6.60E-02 0.00266
1152.58 6.60E-02 0.00266
1153.01 6.60E-02 0.00266
1153.45 6.40E-02 0.0026
1153.88 6.40E-02 0.0026
1154.32 6.20E-02 0.00254
1154.75 6.20E-02 0.00254
1155.19 6.40E-02 0.0026
1155.62 6.40E-02 0.0026
1156.06 6.20E-02 0.00254
1156.49 6.20E-02 0.00254
1156.93 6.20E-02 0.00254
1157.36 6.20E-02 0.00254
1157.8 6.40E-02 0.0026
1158.24 6.40E-02 0.0026
1158.67 6.20E-02 0.00254
1159.11 6.20E-02 0.00254
1159.54 6.20E-02 0.00254
1159.98 6.20E-02 0.00254
1160.41 6.20E-02 0.00254
1160.85 6.20E-02 0.00254
1161.28 6.20E-02 0.00254
1161.72 6.20E-02 0.00254
1162.15 6.40E-02 0.0026
1162.59 6.40E-02 0.0026
1163.02 6.20E-02 0.00254
1163.46 6.20E-02 0.00254
1163.89 6.00E-02 0.00248
1164.33 6.00E-02 0.00248
1164.76 6.20E-02 0.00254
1165.2 6.20E-02 0.00254
1165.63 6.00E-02 0.00248
1166.07 6.00E-02 0.00248
1166.5 6.00E-02 0.00248
1166.94 6.00E-02 0.00248
1167.37 6.00E-02 0.00248
1167.81 6.00E-02 0.00248
1168.24 5.80E-02 0.00242
1168.68 5.80E-02 0.00242
1169.11 6.00E-02 0.00248
1169.55 6.00E-02 0.00248
1169.98 6.00E-02 0.00248
1170.42 6.00E-02 0.00248
1170.85 6.00E-02 0.00248
1171.29 6.00E-02 0.00248
1171.72 5.80E-02 0.00242
1172.16 5.80E-02 0.00242
1172.59 5.80E-02 0.00242
1173.03 5.80E-02 0.00242
1173.46 5.80E-02 0.00242
1173.9 5.80E-02 0.00242
1174.33 5.80E-02 0.00242
1174.77 5.80E-02 0.00242
1175.2 6.00E-02 0.00248
1175.64 6.00E-02 0.00248
1176.07 5.80E-02 0.00242
1176.51 5.80E-02 0.00242
1176.94 5.80E-02 0.00242
1177.38 5.80E-02 0.00242
1177.81 5.80E-02 0.00242
1178.25 5.80E-02 0.00242
1178.68 5.60E-02 0.00236
1179.12 5.60E-02 0.00236
1179.56 5.80E-02 0.00242
1179.99 5.80E-02 0.00242
1180.43 5.60E-02 0.00236
1180.86 5.60E-02 0.00236
1181.3 5.60E-02 0.00236
1181.73 5.60E-02 0.00236
1182.17 5.60E-02 0.00236
1182.6 5.60E-02 0.00236
1183.04 5.40E-02 0.0023
1183.47 5.40E-02 0.0023
1183.91 5.80E-02 0.00242
1184.34 5.80E-02 0.00242
1184.78 5.40E-02 0.0023
1185.21 5.40E-02 0.0023
1185.65 5.40E-02 0.0023
1186.08 5.40E-02 0.0023
1186.52 5.60E-02 0.00236
1186.95 5.60E-02 0.00236
1187.39 5.80E-02 0.00242
1187.82 5.80E-02 0.00242
1188.26 5.40E-02 0.0023
1188.69 5.40E-02 0.0023
1189.13 5.20E-02 0.00224
1189.56 5.20E-02 0.00224
1190 5.40E-02 0.0023
1190.43 5.40E-02 0.0023
1190.87 5.40E-02 0.0023
1191.3 5.40E-02 0.0023
1191.74 5.40E-02 0.0023
1192.17 5.40E-02 0.0023
1192.61 5.40E-02 0.0023
1193.04 5.40E-02 0.0023
1193.48 5.20E-02 0.00224
1193.91 5.20E-02 0.00224
1194.35 5.00E-02 0.00218
1194.78 5.00E-02 0.00218
1195.22 5.20E-02 0.00224
1195.65 5.20E-02 0.00224
1196.09 5.40E-02 0.0023
1196.52 5.40E-02 0.0023
1196.96 5.00E-02 0.00218
1197.39 5.00E-02 0.00218
1197.83 5.40E-02 0.0023
1198.26 5.40E-02 0.0023
1198.7 5.40E-02 0.0023
1199.13 5.40E-02 0.0023
1199.57 5.40E-02 0.0023
1200 5.40E-02 0.0023
1200.44 5.20E-02 0.00224
1200.87 5.20E-02 0.00224
1201.31 5.00E-02 0.00218
1201.75 5.00E-02 0.00218
1202.18 5.20E-02 0.00224
1202.62 5.20E-02 0.00224
1203.05 5.20E-02 0.00224
1203.49 5.20E-02 0.00224
1203.92 5.20E-02 0.00224
1204.36 5.20E-02 0.00224
1204.79 5.00E-02 0.00218
1205.23 5.00E-02 0.00218
1205.66 5.00E-02 0.00218
1206.1 5.00E-02 0.00218
1206.53 5.00E-02 0.00218
1206.97 5.00E-02 0.00218
1207.4 4.80E-02 0.00212
1207.84 4.80E-02 0.00212
1208.27 4.80E-02 0.00212
1208.71 4.80E-02 0.00212
1209.14 5.00E-02 0.00218
1209.58 5.00E-02 0.00218
1210.01 4.80E-02 0.00212
1210.45 4.80E-02 0.00212
1210.88 5.00E-02 0.00218
1211.32 5.00E-02 0.00218
1211.75 4.60E-02 0.00206
1212.19 4.60E-02 0.00206
1212.62 4.80E-02 0.00212
1213.06 4.80E-02 0.00212
1213.49 4.80E-02 0.00212
1213.93 4.80E-02 0.00212
1214.36 5.00E-02 0.00218
1214.8 5.00E-02 0.00218
1215.23 4.60E-02 0.00206
1215.67 4.60E-02 0.00206
1216.1 4.60E-02 0.00206
1216.54 4.60E-02 0.00206
1216.97 4.80E-02 0.00212
1217.41 4.80E-02 0.00212
1217.84 4.80E-02 0.00212
1218.28 4.80E-02 0.00212
1218.71 5.00E-02 0.00218
1219.15 5.00E-02 0.00218
1219.58 4.60E-02 0.00206
1220.02 4.60E-02 0.00206
1220.45 4.60E-02 0.00206
1220.89 4.60E-02 0.00206
1221.32 4.80E-02 0.00212
1221.76 4.80E-02 0.00212
1222.19 4.60E-02 0.00206
1222.63 4.60E-02 0.00206
1223.06 4.60E-02 0.00206
1223.5 4.60E-02 0.00206
1223.94 4.60E-02 0.00206
1224.37 4.60E-02 0.00206
1224.81 4.40E-02 0.002
1225.24 4.40E-02 0.002
1225.68 4.60E-02 0.00206
1226.11 4.60E-02 0.00206
1226.55 4.40E-02 0.002
1226.98 4.40E-02 0.002
1227.42 4.40E-02 0.002
1227.85 4.40E-02 0.002
1228.29 4.60E-02 0.00206
1228.72 4.60E-02 0.00206
1229.16 4.40E-02 0.002
1229.59 4.40E-02 0.002
1230.03 4.40E-02 0.002
1230.46 4.40E-02 0.002
1230.9 4.40E-02 0.002
1231.33 4.40E-02 0.002
1231.77 4.40E-02 0.002
1232.2 4.40E-02 0.002
1232.64 4.40E-02 0.002
1233.07 4.40E-02 0.002
1233.51 4.40E-02 0.002
1233.94 4.40E-02 0.002
1234.38 4.20E-02 0.00194
1234.81 4.20E-02 0.00194
1235.25 4.40E-02 0.002
1235.68 4.40E-02 0.002
1236.12 4.40E-02 0.002
1236.55 4.40E-02 0.002
1236.99 4.20E-02 0.00194
1237.42 4.20E-02 0.00194
1237.86 4.20E-02 0.00194
1238.29 4.20E-02 0.00194
1238.73 4.20E-02 0.00194
1239.16 4.20E-02 0.00194
1239.6 4.20E-02 0.00194
1240.03 4.20E-02 0.00194
1240.47 4.20E-02 0.00194
1240.9 4.20E-02 0.00194
1241.34 4.20E-02 0.00194
1241.77 4.20E-02 0.00194
1242.21 4.20E-02 0.00194
1242.64 4.20E-02 0.00194
1243.08 4.20E-02 0.00194
1243.51 4.20E-02 0.00194
1243.95 4.20E-02 0.00194
1244.38 4.20E-02 0.00194
1244.82 4.20E-02 0.00194
1245.26 4.20E-02 0.00194
1245.69 4.40E-02 0.002
1246.13 4.40E-02 0.002
1246.56 4.20E-02 0.00194
1247 4.20E-02 0.00194
1247.43 4.00E-02 0.00188
1247.87 4.00E-02 0.00188
1248.3 4.00E-02 0.00188
1248.74 4.00E-02 0.00188
1249.17 3.80E-02 0.00182
1249.61 3.80E-02 0.00182
1250.04 4.20E-02 0.00194
1250.48 4.20E-02 0.00194
1250.91 4.20E-02 0.00194
1251.35 4.20E-02 0.00194
1251.78 4.20E-02 0.00194
1252.22 4.20E-02 0.00194
1252.65 4.20E-02 0.00194
1253.09 4.20E-02 0.00194
1253.52 4.00E-02 0.00188
1253.96 4.00E-02 0.00188
1254.39 3.80E-02 0.00182
1254.83 3.80E-02 0.00182
1255.26 3.80E-02 0.00182
1255.7 3.80E-02 0.00182
1256.13 3.80E-02 0.00182
1256.57 3.80E-02 0.00182
1257 4.00E-02 0.00188
1257.44 4.00E-02 0.00188
1257.87 3.80E-02 0.00182
1258.31 3.80E-02 0.00182
1258.74 3.80E-02 0.00182
1259.18 3.80E-02 0.00182
1259.61 3.80E-02 0.00182
1260.05 3.80E-02 0.00182
1260.48 3.80E-02 0.00182
1260.92 3.80E-02 0.00182
1261.35 3.80E-02 0.00182
1261.79 3.80E-02 0.00182
1262.22 3.80E-02 0.00182
1262.66 3.80E-02 0.00182
1263.09 3.80E-02 0.00182
1263.53 3.80E-02 0.00182
1263.96 4.00E-02 0.00188
1264.4 4.00E-02 0.00188
1264.83 3.80E-02 0.00182
1265.27 3.80E-02 0.00182
1265.7 3.80E-02 0.00182
1266.14 3.80E-02 0.00182
1266.57 4.00E-02 0.00188
1267.01 4.00E-02 0.00188
1267.45 4.20E-02 0.00194
1267.88 4.20E-02 0.00194
1268.32 4.00E-02 0.00188
1268.75 4.00E-02 0.00188
1269.19 3.80E-02 0.00182
1269.62 3.80E-02 0.00182
1270.06 3.80E-02 0.00182
1270.49 3.80E-02 0.00182
1270.93 3.80E-02 0.00182
1271.36 3.80E-02 0.00182
1271.8 3.80E-02 0.00182
1272.23 3.80E-02 0.00182
1272.67 3.80E-02 0.00182
1273.1 3.80E-02 0.00182
1273.54 3.80E-02 0.00182
1273.97 3.80E-02 0.00182
1274.41 3.60E-02 0.00176
1274.84 3.60E-02 0.00176
1275.28 3.60E-02 0.00176
1275.71 3.60E-02 0.00176
1276.15 3.60E-02 0.00176
1276.58 3.60E-02 0.00176
1277.02 3.60E-02 0.00176
1277.45 3.60E-02 0.00176
1277.89 3.60E-02 0.00176
1278.32 3.60E-02 0.00176
1278.76 3.60E-02 0.00176
1279.19 3.60E-02 0.00176
1279.63 3.60E-02 0.00176
1280.06 3.60E-02 0.00176
1280.5 3.80E-02 0.00182
1280.93 3.80E-02 0.00182
1281.37 3.80E-02 0.00182
1281.8 3.80E-02 0.00182
1282.24 3.40E-02 0.0017
1282.67 3.40E-02 0.0017
1283.11 3.40E-02 0.0017
1283.54 3.40E-02 0.0017
1283.98 3.40E-02 0.0017
1284.41 3.40E-02 0.0017
1284.85 3.40E-02 0.0017
1285.28 3.40E-02 0.0017
1285.72 3.40E-02 0.0017
1286.15 3.40E-02 0.0017
1286.59 3.60E-02 0.00176
1287.02 3.60E-02 0.00176
1287.46 3.60E-02 0.00176
1287.89 3.60E-02 0.00176
1288.33 3.40E-02 0.0017
1288.77 3.40E-02 0.0017
1289.2 3.60E-02 0.00176
1289.64 3.60E-02 0.00176
1290.07 3.40E-02 0.0017
1290.51 3.40E-02 0.0017
1290.94 3.40E-02 0.0017
1291.38 3.40E-02 0.0017
1291.81 3.40E-02 0.0017
1292.25 3.40E-02 0.0017
1292.68 3.60E-02 0.00176
1293.12 3.60E-02 0.00176
1293.55 3.40E-02 0.0017
1293.99 3.40E-02 0.0017
1294.42 3.40E-02 0.0017
1294.86 3.40E-02 0.0017
1295.29 3.60E-02 0.00176
1295.73 3.60E-02 0.00176
1296.16 3.60E-02 0.00176
1296.6 3.60E-02 0.00176
1297.03 3.40E-02 0.0017
1297.47 3.40E-02 0.0017
1297.9 3.40E-02 0.0017
1298.34 3.40E-02 0.0017
1298.77 3.40E-02 0.0017
1299.21 3.40E-02 0.0017
1299.64 3.60E-02 0.00176
1300.08 3.60E-02 0.00176
1300.51 3.40E-02 0.0017
1300.95 3.40E-02 0.0017
1301.38 3.00E-02 0.00158
1301.82 3.00E-02 0.00158
1302.25 3.20E-02 0.00164
1302.69 3.20E-02 0.00164
1303.12 3.40E-02 0.0017
1303.56 3.40E-02 0.0017
1303.99 3.40E-02 0.0017
1304.43 3.40E-02 0.0017
1304.86 3.40E-02 0.0017
1305.3 3.40E-02 0.0017
1305.73 3.40E-02 0.0017
1306.17 3.40E-02 0.0017
1306.6 3.00E-02 0.00158
1307.04 3.00E-02 0.00158
1307.47 3.40E-02 0.0017
1307.91 3.40E-02 0.0017
1308.34 3.40E-02 0.0017
1308.78 3.40E-02 0.0017
1309.21 3.20E-02 0.00164
1309.65 3.20E-02 0.00164
1310.08 3.20E-02 0.00164
1310.52 3.20E-02 0.00164
1310.96 3.20E-02 0.00164
1311.39 3.20E-02 0.00164
1311.83 3.20E-02 0.00164
1312.26 3.20E-02 0.00164
1312.7 3.40E-02 0.0017
1313.13 3.40E-02 0.0017
1313.57 3.00E-02 0.00158
1314 3.00E-02 0.00158
1314.44 3.00E-02 0.00158
1314.87 3.00E-02 0.00158
1315.31 3.20E-02 0.00164
1315.74 3.20E-02 0.00164
1316.18 3.20E-02 0.00164
1316.61 3.20E-02 0.00164
1317.05 3.00E-02 0.00158
1317.48 3.00E-02 0.00158
1317.92 3.40E-02 0.0017
1318.35 3.40E-02 0.0017
1318.79 3.20E-02 0.00164
1319.22 3.20E-02 0.00164
1319.66 3.00E-02 0.00158
1320.09 3.00E-02 0.00158
1320.53 3.00E-02 0.00158
1320.96 3.00E-02 0.00158
1321.4 3.00E-02 0.00158
1321.83 3.00E-02 0.00158
1322.27 3.00E-02 0.00158
1322.7 3.00E-02 0.00158
1323.14 2.80E-02 0.00152
1323.57 2.80E-02 0.00152
1324.01 2.80E-02 0.00152
1324.44 2.80E-02 0.00152
1324.88 3.00E-02 0.00158
1325.31 3.00E-02 0.00158
1325.75 3.20E-02 0.00164
1326.18 3.20E-02 0.00164
1326.62 3.00E-02 0.00158
1327.05 3.00E-02 0.00158
1327.05 3.00E-02 0.00158
1328.14 3.00E-02 0.00158
1328.14 3.00E-02 0.00158
1329.23 3.00E-02 0.00158
1329.23 2.80E-02 0.00152
1329.23 2.80E-02 0.00152
1330.32 3.00E-02 0.00158
1330.32 3.00E-02 0.00158
1331.4 3.00E-02 0.00158
1331.4 3.00E-02 0.00158
1331.4 3.00E-02 0.00158
1332.49 3.00E-02 0.00158
1332.49 2.80E-02 0.00152
1333.58 2.80E-02 0.00152
1333.58 2.80E-02 0.00152
1333.58 2.80E-02 0.00152
1334.67 3.20E-02 0.00164
1334.67 3.20E-02 0.00164
1335.76 2.60E-02 0.00146
1335.76 2.60E-02 0.00146
1335.76 2.60E-02 0.00146
1336.84 2.60E-02 0.00146
1336.84 2.60E-02 0.00146
1337.93 2.60E-02 0.00146
1337.93 2.80E-02 0.00152
1337.93 2.80E-02 0.00152
1339.02 2.60E-02 0.00146
1339.02 2.60E-02 0.00146
1340.11 3.00E-02 0.00158
1340.11 3.00E-02 0.00158
1340.11 2.80E-02 0.00152
1341.19 2.80E-02 0.00152
1341.19 2.60E-02 0.00146
1342.28 2.60E-02 0.00146
1342.28 2.60E-02 0.00146
1342.28 2.60E-02 0.00146
1343.37 2.80E-02 0.00152
1343.37 2.80E-02 0.00152
1344.46 2.60E-02 0.00146
1344.46 2.60E-02 0.00146
1344.46 2.60E-02 0.00146
1345.55 2.60E-02 0.00146
1345.55 2.60E-02 0.00146
1346.63 2.60E-02 0.00146
1346.63 2.80E-02 0.00152
1346.63 2.80E-02 0.00152
1347.72 2.60E-02 0.00146
1347.72 2.60E-02 0.00146
1348.81 2.60E-02 0.00146
1348.81 2.60E-02 0.00146
1348.81 2.80E-02 0.00152
1349.9 2.80E-02 0.00152
1349.9 2.60E-02 0.00146
1350.98 2.60E-02 0.00146
1350.98 2.60E-02 0.00146
1350.98 2.60E-02 0.00146
1352.07 2.60E-02 0.00146
1352.07 2.60E-02 0.00146
1353.16 2.60E-02 0.00146
1353.16 2.60E-02 0.00146
1353.16 2.40E-02 0.0014
1354.25 2.40E-02 0.0014
1354.25 2.60E-02 0.00146
1355.34 2.60E-02 0.00146
1355.34 2.40E-02 0.0014
1355.34 2.40E-02 0.0014
1356.42 2.60E-02 0.00146
1356.42 2.60E-02 0.00146
1357.51 2.60E-02 0.00146
1357.51 2.60E-02 0.00146
1357.51 2.60E-02 0.00146
1358.6 2.60E-02 0.00146
1358.6 2.40E-02 0.0014
1359.69 2.40E-02 0.0014
1359.69 2.60E-02 0.00146
1359.69 2.60E-02 0.00146
1360.77 2.60E-02 0.00146
1360.77 2.60E-02 0.00146
1361.86 2.60E-02 0.00146
1361.86 2.60E-02 0.00146
1361.86 2.40E-02 0.0014
1362.95 2.40E-02 0.0014
1362.95 2.40E-02 0.0014
1364.04 2.40E-02 0.0014
1364.04 2.40E-02 0.0014
1364.04 2.40E-02 0.0014
1365.12 2.40E-02 0.0014
1365.12 2.40E-02 0.0014
1366.21 2.40E-02 0.0014
1366.21 2.40E-02 0.0014
1366.21 2.40E-02 0.0014
1367.3 2.40E-02 0.0014
1367.3 2.20E-02 0.00134
1368.39 2.20E-02 0.00134
1368.39 2.20E-02 0.00134
1368.39 2.20E-02 0.00134
1369.48 2.40E-02 0.0014
1369.48 2.40E-02 0.0014
1370.56 2.20E-02 0.00134
1370.56 2.20E-02 0.00134
1370.56 2.40E-02 0.0014
1371.65 2.40E-02 0.0014
1371.65 2.20E-02 0.00134
1372.74 2.20E-02 0.00134
1372.74 2.40E-02 0.0014
1372.74 2.40E-02 0.0014
1373.83 2.20E-02 0.00134
1373.83 2.20E-02 0.00134
1374.91 2.20E-02 0.00134
1374.91 2.20E-02 0.00134
1374.91 2.20E-02 0.00134
1376 2.20E-02 0.00134
1376 2.20E-02 0.00134
1377.09 2.20E-02 0.00134
1377.09 2.60E-02 0.00146
1377.09 2.60E-02 0.00146
1378.18 2.20E-02 0.00134
1378.18 2.20E-02 0.00134
1379.27 2.20E-02 0.00134
1379.27 2.20E-02 0.00134
1379.27 2.20E-02 0.00134
1380.35 2.20E-02 0.00134
1380.35 2.20E-02 0.00134
1381.44 2.20E-02 0.00134
1381.44 2.20E-02 0.00134
1381.44 2.20E-02 0.00134
1382.53 2.20E-02 0.00134
1382.53 2.20E-02 0.00134
1383.62 2.20E-02 0.00134
1383.62 2.20E-02 0.00134
1383.62 2.20E-02 0.00134
1384.7 2.20E-02 0.00134
1384.7 2.20E-02 0.00134
1385.79 2.20E-02 0.00134
1385.79 2.20E-02 0.00134
1385.79 2.20E-02 0.00134
1386.88 2.20E-02 0.00134
1386.88 2.20E-02 0.00134
1387.97 2.00E-02 0.00128
1387.97 2.00E-02 0.00128
1387.97 2.20E-02 0.00134
1389.06 2.20E-02 0.00134
1389.06 2.00E-02 0.00128
1390.14 2.00E-02 0.00128
1390.14 2.00E-02 0.00128
1390.14 2.00E-02 0.00128
1391.23 2.20E-02 0.00134
1391.23 2.20E-02 0.00134
1392.32 2.00E-02 0.00128
1392.32 2.00E-02 0.00128
1392.32 2.20E-02 0.00134
1393.41 2.20E-02 0.00134
1393.41 1.80E-02 0.00122
1394.49 1.80E-02 0.00122
1394.49 2.00E-02 0.00128
1394.49 2.00E-02 0.00128
1395.58 2.20E-02 0.00134
1395.58 2.20E-02 0.00134
1396.67 2.00E-02 0.00128
1396.67 2.00E-02 0.00128
1396.67 2.20E-02 0.00134
1397.76 2.20E-02 0.00134
1397.76 2.00E-02 0.00128
1398.85 2.00E-02 0.00128
1398.85 2.20E-02 0.00134
1398.85 2.20E-02 0.00134
1399.93 2.20E-02 0.00134
1399.93 2.20E-02 0.00134
1401.02 2.20E-02 0.00134
1401.02 2.20E-02 0.00134
1401.02 2.20E-02 0.00134
1402.11 2.20E-02 0.00134
1402.11 2.00E-02 0.00128
1403.2 2.00E-02 0.00128
1403.2 2.20E-02 0.00134
1403.2 2.20E-02 0.00134
1404.28 1.80E-02 0.00122
1404.28 1.80E-02 0.00122
1405.37 2.00E-02 0.00128
1405.37 2.00E-02 0.00128
1405.37 1.80E-02 0.00122
1406.46 1.80E-02 0.00122
1406.46 2.00E-02 0.00128
1407.55 2.00E-02 0.00128
1407.55 2.20E-02 0.00134
1407.55 2.20E-02 0.00134
1408.63 1.80E-02 0.00122
1408.63 1.80E-02 0.00122
1409.72 2.00E-02 0.00128
1409.72 2.00E-02 0.00128
1409.72 2.00E-02 0.00128
1410.81 2.00E-02 0.00128
1410.81 1.80E-02 0.00122
1411.9 1.80E-02 0.00122
1411.9 2.00E-02 0.00128
1411.9 2.00E-02 0.00128
1412.99 2.00E-02 0.00128
1412.99 2.00E-02 0.00128
1414.07 2.00E-02 0.00128
1414.07 2.00E-02 0.00128
1414.07 2.00E-02 0.00128
1415.16 2.00E-02 0.00128
1415.16 1.80E-02 0.00122
1416.25 1.80E-02 0.00122
1416.25 1.80E-02 0.00122
1416.25 1.80E-02 0.00122
1417.34 1.80E-02 0.00122
1417.34 1.80E-02 0.00122
1418.42 2.00E-02 0.00128
1418.42 2.00E-02 0.00128
1418.42 2.00E-02 0.00128
1419.51 2.00E-02 0.00128
1419.51 1.80E-02 0.00122
1420.6 1.80E-02 0.00122
1420.6 2.00E-02 0.00128
1420.6 2.00E-02 0.00128
1421.69 1.80E-02 0.00122
1421.69 1.80E-02 0.00122
1422.78 1.80E-02 0.00122
1422.78 1.80E-02 0.00122
1422.78 1.80E-02 0.00122
1423.86 1.80E-02 0.00122
1423.86 2.00E-02 0.00128
1424.95 2.00E-02 0.00128
1424.95 1.80E-02 0.00122
1424.95 1.80E-02 0.00122
1426.04 1.80E-02 0.00122
1426.04 1.80E-02 0.00122
1427.13 1.80E-02 0.00122
1427.13 1.80E-02 0.00122
1427.13 1.80E-02 0.00122
1428.21 1.80E-02 0.00122
1428.21 1.80E-02 0.00122
1429.3 1.80E-02 0.00122
1429.3 2.00E-02 0.00128
1429.3 2.00E-02 0.00128
1430.39 1.60E-02 0.00116
1430.39 1.60E-02 0.00116
1431.48 1.80E-02 0.00122
1431.48 1.80E-02 0.00122
1431.48 1.80E-02 0.00122
1432.57 1.80E-02 0.00122
1432.57 1.80E-02 0.00122
1433.65 1.80E-02 0.00122
1433.65 2.00E-02 0.00128
1433.65 2.00E-02 0.00128
1434.74 1.80E-02 0.00122
1434.74 1.80E-02 0.00122
1435.83 1.80E-02 0.00122
1435.83 1.80E-02 0.00122
1435.83 2.00E-02 0.00128
1436.92 2.00E-02 0.00128
1436.92 2.00E-02 0.00128
1438 2.00E-02 0.00128
1438 2.20E-02 0.00134
1438 2.20E-02 0.00134
1439.09 1.80E-02 0.00122
1439.09 1.80E-02 0.00122
1440.18 1.80E-02 0.00122
1440.18 1.80E-02 0.00122
1440.18 2.00E-02 0.00128
1441.27 2.00E-02 0.00128
1441.27 1.80E-02 0.00122
1442.36 1.80E-02 0.00122
1442.36 1.60E-02 0.00116
1442.36 1.60E-02 0.00116
1443.44 1.80E-02 0.00122
1443.44 1.80E-02 0.00122
1444.53 1.80E-02 0.00122
1444.53 1.80E-02 0.00122
1444.53 1.80E-02 0.00122
1445.62 1.80E-02 0.00122
1445.62 1.80E-02 0.00122
1446.71 1.80E-02 0.00122
1446.71 2.00E-02 0.00128
1446.71 2.00E-02 0.00128
1447.79 1.80E-02 0.00122
1447.79 1.80E-02 0.00122
1448.88 1.80E-02 0.00122
1448.88 1.80E-02 0.00122
1448.88 1.80E-02 0.00122
1449.97 1.80E-02 0.00122
1449.97 1.80E-02 0.00122
1451.06 1.80E-02 0.00122
1451.06 1.80E-02 0.00122
1451.06 1.80E-02 0.00122
1452.14 1.80E-02 0.00122
1452.14 1.80E-02 0.00122
1453.23 1.80E-02 0.00122
1453.23 1.80E-02 0.00122
1453.23 1.80E-02 0.00122
1454.32 1.80E-02 0.00122
1454.32 1.80E-02 0.00122
1455.41 1.80E-02 0.00122
1455.41 1.80E-02 0.00122
1455.41 1.80E-02 0.00122
1456.5 2.00E-02 0.00128
1456.5 2.00E-02 0.00128
1457.58 1.80E-02 0.00122
1457.58 1.80E-02 0.00122
1457.58 1.80E-02 0.00122
1458.67 1.80E-02 0.00122
1458.67 1.80E-02 0.00122
1459.76 1.80E-02 0.00122
1459.76 1.80E-02 0.00122
1459.76 1.80E-02 0.00122
1460.85 2.00E-02 0.00128
1460.85 2.00E-02 0.00128
1461.93 1.80E-02 0.00122
1461.93 1.80E-02 0.00122
1461.93 2.00E-02 0.00128
1463.02 2.00E-02 0.00128
1463.02 1.80E-02 0.00122
1464.11 1.80E-02 0.00122
1464.11 1.60E-02 0.00116
1464.11 1.60E-02 0.00116
1465.2 1.80E-02 0.00122
1465.2 1.80E-02 0.00122
1466.29 1.80E-02 0.00122
1466.29 1.80E-02 0.00122
1466.29 1.80E-02 0.00122
1467.37 1.80E-02 0.00122
1467.37 1.80E-02 0.00122
1468.46 1.80E-02 0.00122
1468.46 1.80E-02 0.00122
1468.46 1.80E-02 0.00122
1469.55 2.00E-02 0.00128
1469.55 2.00E-02 0.00128
1470.64 1.80E-02 0.00122
1470.64 1.80E-02 0.00122
1470.64 1.80E-02 0.00122
1471.72 1.80E-02 0.00122
1471.72 1.80E-02 0.00122
1472.81 1.80E-02 0.00122
1472.81 1.40E-02 0.0011
1472.81 1.40E-02 0.0011
1473.9 1.80E-02 0.00122
1473.9 1.80E-02 0.00122
1474.99 1.80E-02 0.00122
1474.99 1.80E-02 0.00122
1474.99 1.80E-02 0.00122
1476.08 1.80E-02 0.00122
1476.08 1.80E-02 0.00122
1477.16 1.80E-02 0.00122
1477.16 1.80E-02 0.00122
1477.16 1.80E-02 0.00122
1478.25 1.80E-02 0.00122
1478.25 1.80E-02 0.00122
1479.34 1.80E-02 0.00122
1479.34 1.80E-02 0.00122
1479.34 1.60E-02 0.00116
1480.43 1.60E-02 0.00116
1480.43 1.80E-02 0.00122
1481.51 1.80E-02 0.00122
1481.51 1.80E-02 0.00122
1481.51 1.80E-02 0.00122
1482.6 2.00E-02 0.00128
1482.6 2.00E-02 0.00128
1483.69 1.60E-02 0.00116
1483.69 1.60E-02 0.00116
1483.69 1.80E-02 0.00122
1484.78 1.80E-02 0.00122
1484.78 1.60E-02 0.00116
1485.87 1.60E-02 0.00116
1485.87 1.60E-02 0.00116
1485.87 1.60E-02 0.00116
1486.95 1.80E-02 0.00122
1486.95 1.80E-02 0.00122
1488.04 1.80E-02 0.00122
1488.04 1.80E-02 0.00122
1488.04 1.80E-02 0.00122
1489.13 1.80E-02 0.00122
1489.13 1.60E-02 0.00116
1490.22 1.60E-02 0.00116
1490.22 1.60E-02 0.00116
1490.22 1.60E-02 0.00116
1491.3 1.60E-02 0.00116
1491.3 1.60E-02 0.00116
1492.39 1.80E-02 0.00122
1492.39 1.80E-02 0.00122
1492.39 1.80E-02 0.00122
1493.48 1.80E-02 0.00122
1493.48 1.60E-02 0.00116
1494.57 1.60E-02 0.00116
1494.57 1.60E-02 0.00116
1494.57 1.60E-02 0.00116
1495.65 1.80E-02 0.00122
1495.65 1.80E-02 0.00122
1496.74 1.60E-02 0.00116
1496.74 1.60E-02 0.00116
1496.74 1.60E-02 0.00116
1497.83 1.60E-02 0.00116
1497.83 1.60E-02 0.00116
1498.92 1.60E-02 0.00116
1498.92 1.80E-02 0.00122
1498.92 1.80E-02 0.00122
1500.01 1.60E-02 0.00116
1500.01 1.60E-02 0.00116
1501.09 1.80E-02 0.00122
1501.09 1.80E-02 0.00122
1501.09 1.80E-02 0.00122
1502.18 1.80E-02 0.00122
1502.18 1.80E-02 0.00122
1503.27 1.80E-02 0.00122
1503.27 1.80E-02 0.00122
1503.27 1.80E-02 0.00122
1504.36 1.80E-02 0.00122
1504.36 1.80E-02 0.00122
1505.44 1.80E-02 0.00122
1505.44 1.80E-02 0.00122
1505.44 1.60E-02 0.00116
1506.53 1.60E-02 0.00116
1506.53 1.80E-02 0.00122
1507.62 1.80E-02 0.00122
1507.62 1.80E-02 0.00122
1507.62 1.80E-02 0.00122
1508.71 1.60E-02 0.00116
1508.71 1.60E-02 0.00116
1509.8 1.40E-02 0.0011
1509.8 1.40E-02 0.0011
1509.8 1.80E-02 0.00122
1510.88 1.80E-02 0.00122
1510.88 1.80E-02 0.00122
1511.97 1.80E-02 0.00122
1511.97 1.80E-02 0.00122
1511.97 1.80E-02 0.00122
1513.06 1.80E-02 0.00122
1513.06 1.80E-02 0.00122
1514.15 1.60E-02 0.00116
1514.15 1.60E-02 0.00116
1514.15 1.60E-02 0.00116
1515.23 1.60E-02 0.00116
1515.23 1.80E-02 0.00122
1516.32 1.80E-02 0.00122
1516.32 1.60E-02 0.00116
1516.32 1.60E-02 0.00116
1517.41 1.80E-02 0.00122
1517.41 1.80E-02 0.00122
1518.5 1.40E-02 0.0011
1518.5 1.40E-02 0.0011
1518.5 1.40E-02 0.0011
1519.59 1.40E-02 0.0011
1519.59 1.80E-02 0.00122
1520.67 1.80E-02 0.00122
1520.67 1.80E-02 0.00122
1520.67 1.80E-02 0.00122
1521.76 1.80E-02 0.00122
1521.76 1.80E-02 0.00122
1522.85 1.60E-02 0.00116
1522.85 1.60E-02 0.00116
1522.85 1.80E-02 0.00122
1523.94 1.80E-02 0.00122
1523.94 1.80E-02 0.00122
1525.02 1.80E-02 0.00122
1525.02 1.40E-02 0.0011
1525.02 1.40E-02 0.0011
1526.11 1.80E-02 0.00122
1526.11 1.80E-02 0.00122
1527.2 1.60E-02 0.00116
1527.2 1.60E-02 0.00116
1527.2 1.80E-02 0.00122
1528.29 1.80E-02 0.00122
1528.29 1.60E-02 0.00116
1529.38 1.60E-02 0.00116
1529.38 1.80E-02 0.00122
1529.38 1.80E-02 0.00122
1530.46 1.60E-02 0.00116
1530.46 1.60E-02 0.00116
1531.55 1.60E-02 0.00116
1531.55 1.60E-02 0.00116
1531.55 1.80E-02 0.00122
1532.64 1.80E-02 0.00122
1532.64 1.60E-02 0.00116
1533.73 1.60E-02 0.00116
1533.73 1.60E-02 0.00116
1533.73 1.60E-02 0.00116
1534.81 1.80E-02 0.00122
1534.81 1.80E-02 0.00122
1535.9 2.00E-02 0.00128
1535.9 2.00E-02 0.00128
1535.9 1.80E-02 0.00122
1536.99 1.80E-02 0.00122
1536.99 1.80E-02 0.00122
1538.08 1.80E-02 0.00122
1538.08 1.80E-02 0.00122
1538.08 1.80E-02 0.00122
1539.16 1.80E-02 0.00122
1539.16 1.80E-02 0.00122
1540.25 1.80E-02 0.00122
1540.25 1.80E-02 0.00122
1540.25 1.80E-02 0.00122
1541.34 1.80E-02 0.00122
1541.34 1.80E-02 0.00122
1542.43 1.80E-02 0.00122
1542.43 1.80E-02 0.00122
1542.43 1.80E-02 0.00122
1543.52 1.80E-02 0.00122
1543.52 1.80E-02 0.00122
1544.6 1.60E-02 0.00116
