0 0.00E+00 0.00068
0 0.00E+00 0.00068
0 0.00E+00 0.00068
0 2.00E-03 0.00074
0 2.00E-03 0.00074
0 2.00E-03 0.00074
0 2.00E-03 0.00074
0 2.00E-03 0.00074
0 2.00E-03 0.00074
0 2.00E-03 0.00074
0 2.00E-03 0.00074
0 0.00E+00 0.00068
0 0.00E+00 0.00068
10.88 0.00E+00 0.00068
10.88 0.00E+00 0.00068
10.88 2.00E-03 0.00074
10.88 2.00E-03 0.00074
10.88 0.00E+00 0.00068
10.88 0.00E+00 0.00068
10.88 2.00E-03 0.00074
10.88 2.00E-03 0.00074
10.88 2.00E-03 0.00074
10.88 2.00E-03 0.00074
10.88 0.00E+00 0.00068
10.88 0.00E+00 0.00068
10.88 0.00E+00 0.00068
10.88 0.00E+00 0.00068
10.88 0.00E+00 0.00068
10.88 0.00E+00 0.00068
10.88 2.00E-03 0.00074
10.88 2.00E-03 0.00074
10.88 0.00E+00 0.00068
10.88 0.00E+00 0.00068
10.88 0.00E+00 0.00068
10.88 0.00E+00 0.00068
10.88 2.00E-03 0.00074
10.88 2.00E-03 0.00074
10.88 0.00E+00 0.00068
21.75 0.00E+00 0.00068
21.75 0.00E+00 0.00068
21.75 0.00E+00 0.00068
21.75 0.00E+00 0.00068
21.75 0.00E+00 0.00068
21.75 0.00E+00 0.00068
21.75 0.00E+00 0.00068
21.75 2.00E-03 0.00074
21.75 2.00E-03 0.00074
21.75 0.00E+00 0.00068
21.75 0.00E+00 0.00068
21.75 0.00E+00 0.00068
21.75 0.00E+00 0.00068
21.75 2.00E-03 0.00074
21.75 2.00E-03 0.00074
21.75 0.00E+00 0.00068
21.75 0.00E+00 0.00068
21.75 2.00E-03 0.00074
21.75 2.00E-03 0.00074
21.75 0.00E+00 0.00068
21.75 0.00E+00 0.00068
21.75 0.00E+00 0.00068
21.75 0.00E+00 0.00068
21.75 0.00E+00 0.00068
21.75 0.00E+00 0.00068
32.63 2.00E-03 0.00074
32.63 2.00E-03 0.00074
32.63 2.00E-03 0.00074
32.63 2.00E-03 0.00074
32.63 0.00E+00 0.00068
32.63 0.00E+00 0.00068
32.63 2.00E-03 0.00074
32.63 2.00E-03 0.00074
32.63 2.00E-03 0.00074
32.63 2.00E-03 0.00074
32.63 4.00E-03 0.0008
32.63 4.00E-03 0.0008
32.63 4.00E-03 0.0008
32.63 4.00E-03 0.0008
32.63 2.00E-03 0.00074
32.63 2.00E-03 0.00074
32.63 4.00E-03 0.0008
32.63 4.00E-03 0.0008
32.63 2.00E-03 0.00074
32.63 2.00E-03 0.00074
32.63 4.00E-03 0.0008
32.63 4.00E-03 0.0008
32.63 4.00E-03 0.0008
32.63 4.00E-03 0.0008
32.63 4.00E-03 0.0008
43.51 4.00E-03 0.0008
43.51 4.00E-03 0.0008
43.51 4.00E-03 0.0008
43.51 0.00E+00 0.00068
43.51 0.00E+00 0.00068
43.51 0.00E+00 0.00068
43.51 0.00E+00 0.00068
43.51 4.00E-03 0.0008
43.51 4.00E-03 0.0008
43.51 4.00E-03 0.0008
43.51 4.00E-03 0.0008
43.51 4.00E-03 0.0008
43.51 4.00E-03 0.0008
43.51 4.00E-03 0.0008
43.51 4.00E-03 0.0008
43.51 4.00E-03 0.0008
43.51 4.00E-03 0.0008
43.51 2.00E-03 0.00074
43.51 2.00E-03 0.00074
43.51 4.00E-03 0.0008
43.51 4.00E-03 0.0008
43.51 2.00E-03 0.00074
43.51 2.00E-03 0.00074
43.51 6.00E-03 0.00086
43.51 6.00E-03 0.00086
54.39 2.00E-03 0.00074
54.39 2.00E-03 0.00074
54.39 4.00E-03 0.0008
54.39 4.00E-03 0.0008
54.39 4.00E-03 0.0008
54.39 4.00E-03 0.0008
54.39 4.00E-03 0.0008
54.39 4.00E-03 0.0008
54.39 4.00E-03 0.0008
54.39 4.00E-03 0.0008
54.39 2.00E-03 0.00074
54.39 2.00E-03 0.00074
54.39 4.00E-03 0.0008
54.39 4.00E-03 0.0008
54.39 4.00E-03 0.0008
54.39 4.00E-03 0.0008
54.39 4.00E-03 0.0008
54.39 4.00E-03 0.0008
54.39 2.00E-03 0.00074
54.39 2.00E-03 0.00074
54.39 4.00E-03 0.0008
54.39 4.00E-03 0.0008
54.39 4.00E-03 0.0008
54.39 4.00E-03 0.0008
54.39 2.00E-03 0.00074
65.26 2.00E-03 0.00074
65.26 4.00E-03 0.0008
65.26 4.00E-03 0.0008
65.26 4.00E-03 0.0008
65.26 4.00E-03 0.0008
65.26 4.00E-03 0.0008
65.26 4.00E-03 0.0008
65.26 6.00E-03 0.00086
65.26 6.00E-03 0.00086
65.26 2.00E-03 0.00074
65.26 2.00E-03 0.00074
65.26 2.00E-03 0.00074
65.26 2.00E-03 0.00074
65.26 2.00E-03 0.00074
65.26 2.00E-03 0.00074
65.26 4.00E-03 0.0008
65.26 4.00E-03 0.0008
65.26 4.00E-03 0.0008
65.26 4.00E-03 0.0008
65.26 4.00E-03 0.0008
65.26 4.00E-03 0.0008
65.26 6.00E-03 0.00086
65.26 6.00E-03 0.00086
65.26 4.00E-03 0.0008
65.26 4.00E-03 0.0008
76.14 4.00E-03 0.0008
76.14 4.00E-03 0.0008
76.14 4.00E-03 0.0008
76.14 4.00E-03 0.0008
76.14 4.00E-03 0.0008
76.14 4.00E-03 0.0008
76.14 4.00E-03 0.0008
76.14 4.00E-03 0.0008
76.14 4.00E-03 0.0008
76.14 4.00E-03 0.0008
76.14 4.00E-03 0.0008
76.14 4.00E-03 0.0008
76.14 6.00E-03 0.00086
76.14 6.00E-03 0.00086
76.14 4.00E-03 0.0008
76.14 4.00E-03 0.0008
76.14 4.00E-03 0.0008
76.14 4.00E-03 0.0008
76.14 8.00E-03 0.00092
76.14 8.00E-03 0.00092
76.14 4.00E-03 0.0008
76.14 4.00E-03 0.0008
76.14 4.00E-03 0.0008
76.14 4.00E-03 0.0008
76.14 2.00E-03 0.00074
87.02 2.00E-03 0.00074
87.02 2.00E-03 0.00074
87.02 2.00E-03 0.00074
87.02 4.00E-03 0.0008
87.02 4.00E-03 0.0008
87.02 4.00E-03 0.0008
87.02 4.00E-03 0.0008
87.02 6.00E-03 0.00086
87.02 6.00E-03 0.00086
87.02 4.00E-03 0.0008
87.02 4.00E-03 0.0008
87.02 2.00E-03 0.00074
87.02 2.00E-03 0.00074
87.02 8.00E-03 0.00092
87.02 8.00E-03 0.00092
87.02 4.00E-03 0.0008
87.02 4.00E-03 0.0008
87.02 6.00E-03 0.00086
87.02 6.00E-03 0.00086
87.02 2.00E-03 0.00074
87.02 2.00E-03 0.00074
87.02 4.00E-03 0.0008
87.02 4.00E-03 0.0008
87.02 4.00E-03 0.0008
87.02 4.00E-03 0.0008
97.9 6.00E-03 0.00086
97.9 6.00E-03 0.00086
97.9 4.00E-03 0.0008
97.9 4.00E-03 0.0008
97.9 4.00E-03 0.0008
97.9 4.00E-03 0.0008
97.9 6.00E-03 0.00086
97.9 6.00E-03 0.00086
97.9 4.00E-03 0.0008
97.9 4.00E-03 0.0008
97.9 4.00E-03 0.0008
97.9 4.00E-03 0.0008
97.9 6.00E-03 0.00086
97.9 6.00E-03 0.00086
97.9 6.00E-03 0.00086
97.9 6.00E-03 0.00086
97.9 4.00E-03 0.0008
97.9 4.00E-03 0.0008
97.9 4.00E-03 0.0008
97.9 4.00E-03 0.0008
97.9 4.00E-03 0.0008
97.9 4.00E-03 0.0008
97.9 4.00E-03 0.0008
97.9 4.00E-03 0.0008
97.9 6.00E-03 0.00086
108.77 6.00E-03 0.00086
108.77 4.00E-03 0.0008
108.77 4.00E-03 0.0008
108.77 4.00E-03 0.0008
108.77 4.00E-03 0.0008
108.77 8.00E-03 0.00092
108.77 8.00E-03 0.00092
108.77 4.00E-03 0.0008
108.77 4.00E-03 0.0008
108.77 4.00E-03 0.0008
108.77 4.00E-03 0.0008
108.77 4.00E-03 0.0008
108.77 4.00E-03 0.0008
108.77 4.00E-03 0.0008
108.77 4.00E-03 0.0008
108.77 4.00E-03 0.0008
108.77 4.00E-03 0.0008
108.77 4.00E-03 0.0008
108.77 4.00E-03 0.0008
108.77 4.00E-03 0.0008
108.77 4.00E-03 0.0008
108.77 4.00E-03 0.0008
108.77 4.00E-03 0.0008
108.77 4.00E-03 0.0008
108.77 4.00E-03 0.0008
119.65 4.00E-03 0.0008
119.65 4.00E-03 0.0008
119.65 4.00E-03 0.0008
119.65 4.00E-03 0.0008
119.65 4.00E-03 0.0008
119.65 4.00E-03 0.0008
119.65 6.00E-03 0.00086
119.65 6.00E-03 0.00086
119.65 4.00E-03 0.0008
119.65 4.00E-03 0.0008
119.65 2.00E-03 0.00074
119.65 2.00E-03 0.00074
119.65 4.00E-03 0.0008
119.65 4.00E-03 0.0008
119.65 2.00E-03 0.00074
119.65 2.00E-03 0.00074
119.65 6.00E-03 0.00086
119.65 6.00E-03 0.00086
119.65 6.00E-03 0.00086
119.65 6.00E-03 0.00086
119.65 4.00E-03 0.0008
119.65 4.00E-03 0.0008
119.65 4.00E-03 0.0008
119.65 4.00E-03 0.0008
119.65 4.00E-03 0.0008
130.53 4.00E-03 0.0008
130.53 4.00E-03 0.0008
130.53 4.00E-03 0.0008
130.53 4.00E-03 0.0008
130.53 4.00E-03 0.0008
130.53 4.00E-03 0.0008
130.53 4.00E-03 0.0008
130.53 6.00E-03 0.00086
130.53 6.00E-03 0.00086
130.53 6.00E-03 0.00086
130.53 6.00E-03 0.00086
130.53 6.00E-03 0.00086
130.53 6.00E-03 0.00086
130.53 8.00E-03 0.00092
131.62 8.00E-03 0.00092
131.62 8.00E-03 0.00092
132.71 8.00E-03 0.00092
132.71 8.00E-03 0.00092
132.71 8.00E-03 0.00092
133.79 6.00E-03 0.00086
133.79 6.00E-03 0.00086
134.88 4.00E-03 0.0008
134.88 4.00E-03 0.0008
134.88 6.00E-03 0.00086
135.97 6.00E-03 0.00086
135.97 6.00E-03 0.00086
137.06 6.00E-03 0.00086
137.06 6.00E-03 0.00086
137.06 6.00E-03 0.00086
138.14 6.00E-03 0.00086
138.14 6.00E-03 0.00086
139.23 6.00E-03 0.00086
139.23 6.00E-03 0.00086
139.23 6.00E-03 0.00086
140.32 6.00E-03 0.00086
140.32 4.00E-03 0.0008
141.41 4.00E-03 0.0008
141.41 6.00E-03 0.00086
141.41 6.00E-03 0.00086
142.5 6.00E-03 0.00086
142.5 6.00E-03 0.00086
143.58 8.00E-03 0.00092
143.58 8.00E-03 0.00092
143.58 1.00E-02 0.00098
144.67 1.00E-02 0.00098
144.67 8.00E-03 0.00092
145.76 8.00E-03 0.00092
145.76 8.00E-03 0.00092
145.76 8.00E-03 0.00092
146.85 8.00E-03 0.00092
146.85 8.00E-03 0.00092
147.93 8.00E-03 0.00092
147.93 8.00E-03 0.00092
147.93 8.00E-03 0.00092
149.02 8.00E-03 0.00092
149.02 6.00E-03 0.00086
150.11 6.00E-03 0.00086
150.11 8.00E-03 0.00092
150.11 8.00E-03 0.00092
151.2 1.00E-02 0.00098
151.2 1.00E-02 0.00098
152.28 1.00E-02 0.00098
152.28 1.00E-02 0.00098
152.28 8.00E-03 0.00092
153.37 8.00E-03 0.00092
153.37 8.00E-03 0.00092
154.46 8.00E-03 0.00092
154.46 1.00E-02 0.00098
154.46 1.00E-02 0.00098
155.55 8.00E-03 0.00092
155.55 8.00E-03 0.00092
156.64 8.00E-03 0.00092
156.64 8.00E-03 0.00092
156.64 8.00E-03 0.00092
157.72 8.00E-03 0.00092
157.72 8.00E-03 0.00092
158.81 8.00E-03 0.00092
158.81 8.00E-03 0.00092
158.81 8.00E-03 0.00092
159.9 8.00E-03 0.00092
159.9 8.00E-03 0.00092
160.99 8.00E-03 0.00092
160.99 8.00E-03 0.00092
160.99 8.00E-03 0.00092
162.07 8.00E-03 0.00092
162.07 8.00E-03 0.00092
163.16 8.00E-03 0.00092
163.16 8.00E-03 0.00092
163.16 8.00E-03 0.00092
164.25 1.00E-02 0.00098
164.25 1.00E-02 0.00098
165.34 1.00E-02 0.00098
165.34 1.00E-02 0.00098
165.34 8.00E-03 0.00092
166.43 8.00E-03 0.00092
166.43 1.20E-02 0.00104
167.51 1.20E-02 0.00104
167.51 8.00E-03 0.00092
167.51 8.00E-03 0.00092
168.6 8.00E-03 0.00092
168.6 8.00E-03 0.00092
169.69 8.00E-03 0.00092
169.69 8.00E-03 0.00092
169.69 1.00E-02 0.00098
170.78 1.00E-02 0.00098
170.78 8.00E-03 0.00092
171.86 8.00E-03 0.00092
171.86 1.00E-02 0.00098
171.86 1.00E-02 0.00098
172.95 1.00E-02 0.00098
172.95 1.00E-02 0.00098
174.04 8.00E-03 0.00092
174.04 8.00E-03 0.00092
174.04 8.00E-03 0.00092
175.13 8.00E-03 0.00092
175.13 1.00E-02 0.00098
176.22 1.00E-02 0.00098
176.22 1.00E-02 0.00098
176.22 1.00E-02 0.00098
177.3 1.00E-02 0.00098
177.3 1.00E-02 0.00098
178.39 1.00E-02 0.00098
178.39 1.00E-02 0.00098
178.39 1.00E-02 0.00098
179.48 1.00E-02 0.00098
179.48 1.20E-02 0.00104
180.57 1.20E-02 0.00104
180.57 1.00E-02 0.00098
180.57 1.00E-02 0.00098
181.65 8.00E-03 0.00092
181.65 8.00E-03 0.00092
182.74 1.00E-02 0.00098
182.74 1.00E-02 0.00098
182.74 1.00E-02 0.00098
183.83 1.00E-02 0.00098
183.83 1.20E-02 0.00104
184.92 1.20E-02 0.00104
184.92 1.00E-02 0.00098
184.92 1.00E-02 0.00098
186.01 1.40E-02 0.00111
186.01 1.40E-02 0.00111
187.09 1.20E-02 0.00104
187.09 1.20E-02 0.00104
187.09 1.20E-02 0.00104
188.18 1.20E-02 0.00104
188.18 1.00E-02 0.00098
189.27 1.00E-02 0.00098
189.27 1.20E-02 0.00104
189.27 1.20E-02 0.00104
190.36 1.00E-02 0.00098
190.36 1.00E-02 0.00098
191.44 1.00E-02 0.00098
191.44 1.00E-02 0.00098
191.44 1.00E-02 0.00098
192.53 1.00E-02 0.00098
192.53 1.40E-02 0.00111
193.62 1.40E-02 0.00111
193.62 1.20E-02 0.00104
193.62 1.20E-02 0.00104
194.71 1.20E-02 0.00104
194.71 1.20E-02 0.00104
195.79 1.40E-02 0.00111
195.79 1.40E-02 0.00111
195.79 1.00E-02 0.00098
196.88 1.00E-02 0.00098
196.88 1.20E-02 0.00104
197.97 1.20E-02 0.00104
197.97 1.40E-02 0.00111
197.97 1.40E-02 0.00111
199.06 1.40E-02 0.00111
199.06 1.40E-02 0.00111
200.15 1.00E-02 0.00098
200.15 1.00E-02 0.00098
200.15 1.00E-02 0.00098
201.23 1.00E-02 0.00098
201.23 1.40E-02 0.00111
202.32 1.40E-02 0.00111
202.32 1.20E-02 0.00104
202.32 1.20E-02 0.00104
203.41 1.40E-02 0.00111
203.41 1.40E-02 0.00111
204.5 1.20E-02 0.00104
204.5 1.20E-02 0.00104
204.5 1.20E-02 0.00104
205.58 1.20E-02 0.00104
205.58 1.20E-02 0.00104
206.67 1.20E-02 0.00104
206.67 1.40E-02 0.00111
206.67 1.40E-02 0.00111
207.76 1.20E-02 0.00104
207.76 1.20E-02 0.00104
208.85 1.20E-02 0.00104
208.85 1.20E-02 0.00104
208.85 1.40E-02 0.00111
209.94 1.40E-02 0.00111
209.94 1.40E-02 0.00111
211.02 1.40E-02 0.00111
211.02 1.20E-02 0.00104
211.02 1.20E-02 0.00104
212.11 1.20E-02 0.00104
212.11 1.20E-02 0.00104
213.2 1.40E-02 0.00111
213.2 1.40E-02 0.00111
213.2 1.20E-02 0.00104
214.29 1.20E-02 0.00104
214.29 1.20E-02 0.00104
215.37 1.20E-02 0.00104
215.37 1.20E-02 0.00104
215.37 1.20E-02 0.00104
216.46 1.60E-02 0.00117
216.46 1.60E-02 0.00117
217.55 1.40E-02 0.00111
217.55 1.40E-02 0.00111
217.55 1.60E-02 0.00117
218.64 1.60E-02 0.00117
218.64 1.60E-02 0.00117
219.73 1.60E-02 0.00117
219.73 1.20E-02 0.00104
219.73 1.20E-02 0.00104
220.81 1.60E-02 0.00117
220.81 1.60E-02 0.00117
221.9 1.60E-02 0.00117
221.9 1.60E-02 0.00117
221.9 1.40E-02 0.00111
222.99 1.40E-02 0.00111
222.99 1.80E-02 0.00123
224.08 1.80E-02 0.00123
224.08 1.40E-02 0.00111
224.08 1.40E-02 0.00111
225.16 1.40E-02 0.00111
225.16 1.40E-02 0.00111
226.25 1.60E-02 0.00117
226.25 1.60E-02 0.00117
226.25 1.60E-02 0.00117
227.34 1.60E-02 0.00117
227.34 1.60E-02 0.00117
228.43 1.60E-02 0.00117
228.43 1.60E-02 0.00117
228.43 1.60E-02 0.00117
229.52 1.60E-02 0.00117
229.52 1.60E-02 0.00117
230.6 1.60E-02 0.00117
230.6 1.60E-02 0.00117
230.6 1.60E-02 0.00117
231.69 1.60E-02 0.00117
231.69 1.60E-02 0.00117
232.78 1.60E-02 0.00117
232.78 1.80E-02 0.00123
232.78 1.80E-02 0.00123
233.87 1.60E-02 0.00117
233.87 1.60E-02 0.00117
234.95 1.60E-02 0.00117
234.95 1.60E-02 0.00117
234.95 1.60E-02 0.00117
236.04 1.60E-02 0.00117
236.04 1.60E-02 0.00117
237.13 1.60E-02 0.00117
237.13 1.60E-02 0.00117
237.13 1.60E-02 0.00117
238.22 1.60E-02 0.00117
238.22 1.60E-02 0.00117
239.3 1.80E-02 0.00123
239.3 1.80E-02 0.00123
239.3 1.60E-02 0.00117
240.39 1.60E-02 0.00117
240.39 1.80E-02 0.00123
241.48 1.80E-02 0.00123
241.48 1.80E-02 0.00123
241.48 1.80E-02 0.00123
242.57 1.60E-02 0.00117
242.57 1.60E-02 0.00117
243.66 1.60E-02 0.00117
243.66 1.60E-02 0.00117
243.66 1.80E-02 0.00123
244.74 1.80E-02 0.00123
244.74 1.80E-02 0.00123
245.83 1.80E-02 0.00123
245.83 1.60E-02 0.00117
245.83 1.60E-02 0.00117
246.92 1.80E-02 0.00123
246.92 1.80E-02 0.00123
248.01 1.80E-02 0.00123
248.01 1.80E-02 0.00123
248.01 1.80E-02 0.00123
249.09 1.80E-02 0.00123
249.09 1.60E-02 0.00117
250.18 1.60E-02 0.00117
250.18 2.00E-02 0.00127
250.18 2.00E-02 0.00127
251.27 1.80E-02 0.00123
251.27 1.80E-02 0.00123
252.36 1.60E-02 0.00117
252.36 1.60E-02 0.00117
252.36 1.80E-02 0.00123
253.45 1.80E-02 0.00123
253.45 1.60E-02 0.00117
254.53 1.60E-02 0.00117
254.53 1.80E-02 0.00123
254.53 1.80E-02 0.00123
255.62 1.80E-02 0.00123
255.62 1.80E-02 0.00123
256.71 1.80E-02 0.00123
256.71 1.80E-02 0.00123
256.71 2.00E-02 0.00127
257.8 2.00E-02 0.00127
257.8 1.60E-02 0.00117
258.88 1.60E-02 0.00117
258.88 1.80E-02 0.00123
258.88 1.80E-02 0.00123
259.97 1.80E-02 0.00123
259.97 1.80E-02 0.00123
261.06 1.80E-02 0.00123
261.06 1.80E-02 0.00123
261.06 1.80E-02 0.00123
262.15 1.80E-02 0.00123
262.15 2.00E-02 0.00127
263.24 2.00E-02 0.00127
263.24 2.00E-02 0.00127
263.24 2.00E-02 0.00127
264.32 2.00E-02 0.00127
264.32 2.00E-02 0.00127
265.41 2.00E-02 0.00127
265.41 2.00E-02 0.00127
265.41 1.80E-02 0.00123
266.5 1.80E-02 0.00123
266.5 2.20E-02 0.00135
267.59 2.20E-02 0.00135
267.59 2.00E-02 0.00127
267.59 2.00E-02 0.00127
268.67 2.00E-02 0.00127
268.67 2.00E-02 0.00127
269.76 2.20E-02 0.00135
269.76 2.20E-02 0.00135
269.76 2.00E-02 0.00127
270.85 2.00E-02 0.00127
270.85 2.20E-02 0.00135
271.94 2.20E-02 0.00135
271.94 2.00E-02 0.00127
271.94 2.00E-02 0.00127
273.03 2.20E-02 0.00135
273.03 2.20E-02 0.00135
274.11 2.00E-02 0.00127
274.11 2.00E-02 0.00127
274.11 1.80E-02 0.00123
275.2 1.80E-02 0.00123
275.2 2.00E-02 0.00127
276.29 2.00E-02 0.00127
276.29 2.00E-02 0.00127
276.29 2.00E-02 0.00127
277.38 2.20E-02 0.00135
277.38 2.20E-02 0.00135
278.46 2.00E-02 0.00127
278.46 2.00E-02 0.00127
278.46 2.00E-02 0.00127
279.55 2.00E-02 0.00127
279.55 2.20E-02 0.00135
280.64 2.20E-02 0.00135
280.64 2.00E-02 0.00127
280.64 2.00E-02 0.00127
281.73 2.00E-02 0.00127
281.73 2.00E-02 0.00127
282.81 2.20E-02 0.00135
282.81 2.20E-02 0.00135
282.81 2.20E-02 0.00135
283.9 2.20E-02 0.00135
283.9 2.00E-02 0.00127
284.99 2.00E-02 0.00127
284.99 2.40E-02 0.00141
284.99 2.40E-02 0.00141
286.08 2.40E-02 0.00141
286.08 2.40E-02 0.00141
287.17 1.80E-02 0.00123
287.17 1.80E-02 0.00123
287.17 2.40E-02 0.00141
288.25 2.40E-02 0.00141
288.25 2.20E-02 0.00135
289.34 2.20E-02 0.00135
289.34 2.00E-02 0.00127
289.34 2.00E-02 0.00127
290.43 2.40E-02 0.00141
290.43 2.40E-02 0.00141
291.52 2.40E-02 0.00141
291.52 2.40E-02 0.00141
291.52 2.20E-02 0.00135
292.6 2.20E-02 0.00135
292.6 2.40E-02 0.00141
293.69 2.40E-02 0.00141
293.69 2.40E-02 0.00141
293.69 2.40E-02 0.00141
294.78 2.40E-02 0.00141
294.78 2.40E-02 0.00141
295.87 2.20E-02 0.00135
295.87 2.20E-02 0.00135
295.87 2.40E-02 0.00141
296.96 2.40E-02 0.00141
296.96 2.40E-02 0.00141
298.04 2.40E-02 0.00141
298.04 2.20E-02 0.00135
298.04 2.20E-02 0.00135
299.13 2.40E-02 0.00141
299.13 2.40E-02 0.00141
300.22 2.40E-02 0.00141
300.22 2.40E-02 0.00141
300.22 2.40E-02 0.00141
301.31 2.40E-02 0.00141
301.31 2.40E-02 0.00141
302.39 2.40E-02 0.00141
302.39 2.40E-02 0.00141
302.39 2.40E-02 0.00141
303.48 2.40E-02 0.00141
303.48 2.40E-02 0.00141
304.57 2.40E-02 0.00141
304.57 2.40E-02 0.00141
304.57 2.40E-02 0.00141
305.66 2.40E-02 0.00141
305.66 2.40E-02 0.00141
306.75 2.40E-02 0.00141
306.75 2.40E-02 0.00141
306.75 2.40E-02 0.00141
307.83 2.40E-02 0.00141
307.83 2.40E-02 0.00141
308.92 2.40E-02 0.00141
308.92 2.40E-02 0.00141
308.92 2.40E-02 0.00141
310.01 2.40E-02 0.00141
310.01 2.60E-02 0.00146
311.1 2.60E-02 0.00146
311.1 2.60E-02 0.00146
311.1 2.60E-02 0.00146
312.18 2.60E-02 0.00146
312.18 2.60E-02 0.00146
313.27 2.40E-02 0.00141
313.27 2.40E-02 0.00141
313.27 2.40E-02 0.00141
314.36 2.40E-02 0.00141
314.36 2.40E-02 0.00141
315.45 2.40E-02 0.00141
315.45 2.80E-02 0.00153
315.45 2.80E-02 0.00153
316.53 2.60E-02 0.00146
316.53 2.60E-02 0.00146
317.62 2.60E-02 0.00146
317.62 2.60E-02 0.00146
317.62 2.60E-02 0.00146
318.71 2.60E-02 0.00146
318.71 2.40E-02 0.00141
319.8 2.40E-02 0.00141
319.8 2.40E-02 0.00141
319.8 2.40E-02 0.00141
320.89 2.60E-02 0.00146
320.89 2.60E-02 0.00146
321.97 2.80E-02 0.00153
321.97 2.80E-02 0.00153
321.97 2.80E-02 0.00153
323.06 2.80E-02 0.00153
323.06 2.80E-02 0.00153
324.15 2.80E-02 0.00153
324.15 2.60E-02 0.00146
324.15 2.60E-02 0.00146
325.24 3.00E-02 0.00158
325.24 3.00E-02 0.00158
326.32 3.00E-02 0.00158
326.32 3.00E-02 0.00158
326.32 3.00E-02 0.00158
327.41 3.00E-02 0.00158
327.41 2.60E-02 0.00146
328.5 2.60E-02 0.00146
328.5 2.80E-02 0.00153
328.5 2.80E-02 0.00153
329.59 2.80E-02 0.00153
329.59 2.80E-02 0.00153
330.68 2.80E-02 0.00153
330.68 2.80E-02 0.00153
330.68 3.00E-02 0.00158
331.76 3.00E-02 0.00158
331.76 2.80E-02 0.00153
332.85 2.80E-02 0.00153
332.85 3.00E-02 0.00158
332.85 3.00E-02 0.00158
333.94 3.20E-02 0.00165
333.94 3.20E-02 0.00165
335.03 3.20E-02 0.00165
335.03 3.20E-02 0.00165
335.03 3.20E-02 0.00165
336.11 3.20E-02 0.00165
336.11 3.00E-02 0.00158
337.2 3.00E-02 0.00158
337.2 3.00E-02 0.00158
337.2 3.00E-02 0.00158
338.29 3.00E-02 0.00158
338.29 3.00E-02 0.00158
339.38 3.20E-02 0.00165
339.38 3.20E-02 0.00165
339.38 3.20E-02 0.00165
340.47 3.20E-02 0.00165
340.47 3.40E-02 0.00171
341.55 3.40E-02 0.00171
341.55 3.20E-02 0.00165
341.55 3.20E-02 0.00165
342.64 3.40E-02 0.00171
342.64 3.40E-02 0.00171
343.73 3.20E-02 0.00165
343.73 3.20E-02 0.00165
343.73 3.20E-02 0.00165
344.82 3.20E-02 0.00165
344.82 3.20E-02 0.00165
345.9 3.20E-02 0.00165
345.9 3.40E-02 0.00171
345.9 3.40E-02 0.00171
346.99 3.40E-02 0.00171
346.99 3.40E-02 0.00171
348.08 3.40E-02 0.00171
348.08 3.40E-02 0.00171
348.08 3.40E-02 0.00171
349.17 3.40E-02 0.00171
349.17 3.40E-02 0.00171
350.26 3.40E-02 0.00171
350.26 3.60E-02 0.00176
350.26 3.60E-02 0.00176
351.34 3.60E-02 0.00176
351.34 3.60E-02 0.00176
352.43 3.20E-02 0.00165
352.43 3.20E-02 0.00165
352.43 3.20E-02 0.00165
353.52 3.20E-02 0.00165
353.52 3.40E-02 0.00171
354.61 3.40E-02 0.00171
354.61 3.40E-02 0.00171
354.61 3.40E-02 0.00171
355.69 3.60E-02 0.00176
355.69 3.60E-02 0.00176
356.78 3.60E-02 0.00176
356.78 3.60E-02 0.00176
356.78 3.80E-02 0.00182
357.87 3.80E-02 0.00182
357.87 3.60E-02 0.00176
358.96 3.60E-02 0.00176
358.96 3.60E-02 0.00176
358.96 3.60E-02 0.00176
360.04 3.80E-02 0.00182
360.04 3.80E-02 0.00182
361.13 3.80E-02 0.00182
361.13 3.80E-02 0.00182
361.13 3.60E-02 0.00176
362.22 3.60E-02 0.00176
362.22 3.60E-02 0.00176
363.31 3.60E-02 0.00176
363.31 3.60E-02 0.00176
363.31 3.60E-02 0.00176
364.4 3.60E-02 0.00176
364.4 3.60E-02 0.00176
365.48 3.80E-02 0.00182
365.48 3.80E-02 0.00182
365.48 4.00E-02 0.00189
366.57 4.00E-02 0.00189
366.57 3.60E-02 0.00176
367.66 3.60E-02 0.00176
367.66 4.00E-02 0.00189
367.66 4.00E-02 0.00189
368.75 4.00E-02 0.00189
368.75 4.00E-02 0.00189
369.83 4.00E-02 0.00189
369.83 4.00E-02 0.00189
369.83 4.00E-02 0.00189
370.92 4.00E-02 0.00189
370.92 4.00E-02 0.00189
372.01 4.00E-02 0.00189
372.01 4.00E-02 0.00189
372.01 4.00E-02 0.00189
373.1 4.00E-02 0.00189
373.1 4.00E-02 0.00189
374.19 4.20E-02 0.00195
374.19 4.20E-02 0.00195
374.19 4.00E-02 0.00189
375.27 4.00E-02 0.00189
375.27 4.20E-02 0.00195
376.36 4.20E-02 0.00195
376.36 4.00E-02 0.00189
376.36 4.00E-02 0.00189
377.45 4.20E-02 0.00195
377.45 4.20E-02 0.00195
378.54 4.00E-02 0.00189
378.54 4.00E-02 0.00189
378.54 4.20E-02 0.00195
379.62 4.20E-02 0.00195
379.62 4.20E-02 0.00195
380.71 4.20E-02 0.00195
380.71 4.20E-02 0.00195
380.71 4.20E-02 0.00195
381.8 4.20E-02 0.00195
381.8 4.20E-02 0.00195
382.89 4.20E-02 0.00195
382.89 4.20E-02 0.00195
382.89 4.20E-02 0.00195
383.98 4.20E-02 0.00195
383.98 4.40E-02 0.00201
385.06 4.40E-02 0.00201
385.06 4.40E-02 0.00201
385.06 4.40E-02 0.00201
386.15 4.40E-02 0.00201
386.15 4.40E-02 0.00201
387.24 4.40E-02 0.00201
387.24 4.40E-02 0.00201
387.24 4.40E-02 0.00201
388.33 4.40E-02 0.00201
388.33 4.40E-02 0.00201
389.41 4.40E-02 0.00201
389.41 4.20E-02 0.00195
389.41 4.20E-02 0.00195
390.5 4.40E-02 0.00201
390.5 4.40E-02 0.00201
391.59 4.40E-02 0.00201
391.59 4.40E-02 0.00201
391.59 4.20E-02 0.00195
392.68 4.20E-02 0.00195
392.68 4.40E-02 0.00201
393.77 4.40E-02 0.00201
393.77 4.60E-02 0.00207
393.77 4.60E-02 0.00207
394.85 4.40E-02 0.00201
394.85 4.40E-02 0.00201
395.94 4.80E-02 0.00213
395.94 4.80E-02 0.00213
395.94 4.60E-02 0.00207
397.03 4.60E-02 0.00207
397.03 4.40E-02 0.00201
398.12 4.40E-02 0.00201
398.12 4.40E-02 0.00201
398.12 4.40E-02 0.00201
399.2 4.80E-02 0.00213
399.2 4.80E-02 0.00213
400.29 4.60E-02 0.00207
400.29 4.60E-02 0.00207
400.29 4.60E-02 0.00207
401.38 4.60E-02 0.00207
401.38 4.60E-02 0.00207
402.47 4.60E-02 0.00207
402.47 5.00E-02 0.00219
402.47 5.00E-02 0.00219
403.55 4.80E-02 0.00213
403.55 4.80E-02 0.00213
404.64 4.60E-02 0.00207
404.64 4.60E-02 0.00207
404.64 4.60E-02 0.00207
405.73 4.60E-02 0.00207
405.73 4.60E-02 0.00207
406.82 4.60E-02 0.00207
406.82 4.80E-02 0.00213
406.82 4.80E-02 0.00213
407.91 4.80E-02 0.00213
407.91 4.80E-02 0.00213
408.99 4.80E-02 0.00213
408.99 4.80E-02 0.00213
408.99 4.80E-02 0.00213
410.08 4.80E-02 0.00213
410.08 4.80E-02 0.00213
411.17 4.80E-02 0.00213
411.17 4.80E-02 0.00213
411.17 4.80E-02 0.00213
412.26 4.80E-02 0.00213
412.26 4.80E-02 0.00213
413.34 4.80E-02 0.00213
413.34 4.80E-02 0.00213
413.34 4.80E-02 0.00213
414.43 4.80E-02 0.00213
414.43 5.20E-02 0.00225
415.52 5.20E-02 0.00225
415.52 5.00E-02 0.00219
415.52 5.00E-02 0.00219
416.61 5.20E-02 0.00225
416.61 5.20E-02 0.00225
417.7 4.80E-02 0.00213
417.7 4.80E-02 0.00213
417.7 4.80E-02 0.00213
418.78 4.80E-02 0.00213
418.78 5.00E-02 0.00219
419.87 5.00E-02 0.00219
419.87 5.20E-02 0.00225
419.87 5.20E-02 0.00225
420.96 5.00E-02 0.00219
420.96 5.00E-02 0.00219
422.05 5.20E-02 0.00225
422.05 5.20E-02 0.00225
422.05 5.00E-02 0.00219
423.13 5.00E-02 0.00219
423.13 5.20E-02 0.00225
424.22 5.20E-02 0.00225
424.22 5.20E-02 0.00225
424.22 5.20E-02 0.00225
425.31 5.40E-02 0.00231
425.31 5.40E-02 0.00231
426.4 5.20E-02 0.00225
426.4 5.20E-02 0.00225
426.4 5.60E-02 0.00237
427.49 5.60E-02 0.00237
427.49 5.20E-02 0.00225
428.57 5.20E-02 0.00225
428.57 5.20E-02 0.00225
428.57 5.20E-02 0.00225
429.66 5.20E-02 0.00225
429.66 5.20E-02 0.00225
430.75 5.60E-02 0.00237
430.75 5.60E-02 0.00237
430.75 5.20E-02 0.00225
431.84 5.20E-02 0.00225
431.84 5.40E-02 0.00231
432.92 5.40E-02 0.00231
432.92 5.40E-02 0.00231
432.92 5.40E-02 0.00231
434.01 5.60E-02 0.00237
434.01 5.60E-02 0.00237
435.1 5.20E-02 0.00225
435.1 5.20E-02 0.00225
435.1 5.60E-02 0.00237
436.19 5.60E-02 0.00237
436.19 5.60E-02 0.00237
437.28 5.60E-02 0.00237
437.28 5.60E-02 0.00237
437.28 5.60E-02 0.00237
438.36 5.40E-02 0.00231
438.36 5.40E-02 0.00231
439.45 5.20E-02 0.00225
439.45 5.20E-02 0.00225
439.45 5.60E-02 0.00237
440.54 5.60E-02 0.00237
440.54 5.40E-02 0.00231
441.63 5.40E-02 0.00231
441.63 5.20E-02 0.00225
441.63 5.20E-02 0.00225
442.71 5.60E-02 0.00237
442.71 5.60E-02 0.00237
443.8 5.80E-02 0.00243
443.8 5.80E-02 0.00243
443.8 5.60E-02 0.00237
444.89 5.60E-02 0.00237
444.89 5.60E-02 0.00237
445.98 5.60E-02 0.00237
445.98 5.60E-02 0.00237
445.98 5.60E-02 0.00237
447.06 5.60E-02 0.00237
447.06 5.60E-02 0.00237
448.15 5.60E-02 0.00237
448.15 5.60E-02 0.00237
448.15 5.60E-02 0.00237
449.24 5.60E-02 0.00237
449.24 5.60E-02 0.00237
450.33 5.60E-02 0.00237
450.33 5.60E-02 0.00237
450.33 5.60E-02 0.00237
451.42 5.60E-02 0.00237
451.42 5.60E-02 0.00237
452.5 5.60E-02 0.00237
452.5 5.60E-02 0.00237
452.5 6.00E-02 0.00249
453.59 6.00E-02 0.00249
453.59 5.80E-02 0.00243
454.68 5.80E-02 0.00243
454.68 5.80E-02 0.00243
454.68 5.80E-02 0.00243
455.77 5.80E-02 0.00243
455.77 5.80E-02 0.00243
456.85 6.00E-02 0.00249
456.85 6.00E-02 0.00249
456.85 6.00E-02 0.00249
457.94 6.00E-02 0.00249
457.94 5.80E-02 0.00243
459.03 5.80E-02 0.00243
459.03 6.00E-02 0.00249
459.03 6.00E-02 0.00249
460.12 5.80E-02 0.00243
460.12 5.80E-02 0.00243
461.21 5.80E-02 0.00243
461.21 5.80E-02 0.00243
461.21 5.80E-02 0.00243
462.29 5.80E-02 0.00243
462.29 6.00E-02 0.00249
463.38 6.00E-02 0.00249
463.38 6.00E-02 0.00249
463.38 6.00E-02 0.00249
464.47 6.00E-02 0.00249
464.47 6.00E-02 0.00249
465.56 6.00E-02 0.00249
465.56 6.00E-02 0.00249
465.56 6.00E-02 0.00249
466.64 6.00E-02 0.00249
466.64 6.00E-02 0.00249
467.73 6.00E-02 0.00249
467.73 6.40E-02 0.00261
467.73 6.40E-02 0.00261
468.82 6.00E-02 0.00249
468.82 6.00E-02 0.00249
469.91 6.20E-02 0.00255
469.91 6.20E-02 0.00255
469.91 6.00E-02 0.00249
471 6.00E-02 0.00249
471 6.00E-02 0.00249
472.08 6.00E-02 0.00249
472.08 6.40E-02 0.00261
472.08 6.40E-02 0.00261
473.17 6.20E-02 0.00255
473.17 6.20E-02 0.00255
474.26 6.20E-02 0.00255
474.26 6.20E-02 0.00255
474.26 6.20E-02 0.00255
475.35 6.20E-02 0.00255
475.35 6.40E-02 0.00261
476.43 6.40E-02 0.00261
476.43 6.40E-02 0.00261
476.43 6.40E-02 0.00261
477.52 6.40E-02 0.00261
477.52 6.40E-02 0.00261
478.61 6.40E-02 0.00261
478.61 6.40E-02 0.00261
478.61 6.40E-02 0.00261
479.7 6.40E-02 0.00261
479.7 6.60E-02 0.00267
480.79 6.60E-02 0.00267
480.79 6.40E-02 0.00261
480.79 6.40E-02 0.00261
481.87 6.40E-02 0.00261
481.87 6.40E-02 0.00261
482.96 6.40E-02 0.00261
482.96 6.40E-02 0.00261
482.96 6.80E-02 0.00273
484.05 6.80E-02 0.00273
484.05 6.60E-02 0.00267
485.14 6.60E-02 0.00267
485.14 6.60E-02 0.00267
485.14 6.60E-02 0.00267
486.22 6.40E-02 0.00261
486.22 6.40E-02 0.00261
487.31 6.40E-02 0.00261
487.31 6.40E-02 0.00261
487.31 6.60E-02 0.00267
488.4 6.60E-02 0.00267
488.4 6.60E-02 0.00267
489.49 6.60E-02 0.00267
489.49 6.60E-02 0.00267
489.49 6.60E-02 0.00267
490.57 6.60E-02 0.00267
490.57 6.60E-02 0.00267
491.66 6.80E-02 0.00273
491.66 6.80E-02 0.00273
491.66 6.80E-02 0.00273
492.75 6.80E-02 0.00273
492.75 6.80E-02 0.00273
493.84 6.80E-02 0.00273
493.84 6.60E-02 0.00267
493.84 6.60E-02 0.00267
494.93 6.60E-02 0.00267
494.93 6.60E-02 0.00267
496.01 6.80E-02 0.00273
496.01 6.80E-02 0.00273
496.01 7.00E-02 0.00279
497.1 7.00E-02 0.00279
497.1 6.80E-02 0.00273
498.19 6.80E-02 0.00273
498.19 6.80E-02 0.00273
498.19 6.80E-02 0.00273
499.28 6.80E-02 0.00273
499.28 6.80E-02 0.00273
500.36 6.80E-02 0.00273
500.36 6.80E-02 0.00273
500.36 7.00E-02 0.00279
501.45 7.00E-02 0.00279
501.45 7.00E-02 0.00279
502.54 7.00E-02 0.00279
502.54 6.80E-02 0.00273
502.54 6.80E-02 0.00273
503.63 7.20E-02 0.00285
503.63 7.20E-02 0.00285
504.72 7.20E-02 0.00285
504.72 7.20E-02 0.00285
504.72 7.20E-02 0.00285
505.8 7.20E-02 0.00285
505.8 7.20E-02 0.00285
506.89 7.20E-02 0.00285
506.89 7.00E-02 0.00279
506.89 7.00E-02 0.00279
507.98 7.20E-02 0.00285
507.98 7.20E-02 0.00285
509.07 7.20E-02 0.00285
509.07 7.20E-02 0.00285
509.07 7.40E-02 0.00291
510.15 7.40E-02 0.00291
510.15 7.20E-02 0.00285
511.24 7.20E-02 0.00285
511.24 7.40E-02 0.00291
511.24 7.40E-02 0.00291
512.33 7.40E-02 0.00291
512.33 7.40E-02 0.00291
513.42 7.20E-02 0.00285
513.42 7.20E-02 0.00285
513.42 7.40E-02 0.00291
514.51 7.40E-02 0.00291
514.51 7.20E-02 0.00285
515.59 7.20E-02 0.00285
515.59 7.60E-02 0.00297
515.59 7.60E-02 0.00297
516.68 7.40E-02 0.00291
516.68 7.40E-02 0.00291
517.77 7.60E-02 0.00297
517.77 7.60E-02 0.00297
517.77 7.60E-02 0.00297
518.86 7.60E-02 0.00297
518.86 7.60E-02 0.00297
519.94 7.60E-02 0.00297
519.94 7.40E-02 0.00291
519.94 7.40E-02 0.00291
521.03 7.40E-02 0.00291
521.03 7.40E-02 0.00291
522.12 7.60E-02 0.00297
522.12 7.60E-02 0.00297
522.12 7.40E-02 0.00291
523.21 7.40E-02 0.00291
523.21 7.60E-02 0.00297
524.3 7.60E-02 0.00297
524.3 7.60E-02 0.00297
524.3 7.60E-02 0.00297
525.38 7.60E-02 0.00297
525.38 7.60E-02 0.00297
526.47 8.00E-02 0.00309
526.47 8.00E-02 0.00309
526.47 7.60E-02 0.00297
527.56 7.60E-02 0.00297
527.56 7.80E-02 0.00303
528.65 7.80E-02 0.00303
528.65 7.80E-02 0.00303
528.65 7.80E-02 0.00303
529.73 8.00E-02 0.00309
529.73 8.00E-02 0.00309
530.82 8.00E-02 0.00309
530.82 8.00E-02 0.00309
530.82 8.00E-02 0.00309
531.91 8.00E-02 0.00309
531.91 8.20E-02 0.00315
533 8.20E-02 0.00315
533 8.00E-02 0.00309
533 8.00E-02 0.00309
534.08 8.20E-02 0.00315
534.08 8.20E-02 0.00315
535.17 8.00E-02 0.00309
535.17 8.00E-02 0.00309
535.17 8.00E-02 0.00309
536.26 8.00E-02 0.00309
536.26 8.00E-02 0.00309
537.35 8.00E-02 0.00309
537.35 8.40E-02 0.00321
537.35 8.40E-02 0.00321
538.44 8.20E-02 0.00315
538.44 8.20E-02 0.00315
539.52 8.20E-02 0.00315
539.52 8.20E-02 0.00315
539.52 8.20E-02 0.00315
540.61 8.20E-02 0.00315
540.61 8.20E-02 0.00315
541.7 8.20E-02 0.00315
541.7 8.00E-02 0.00309
541.7 8.00E-02 0.00309
542.79 8.40E-02 0.00321
542.79 8.40E-02 0.00321
543.87 8.40E-02 0.00321
543.87 8.40E-02 0.00321
543.87 8.40E-02 0.00321
544.96 8.40E-02 0.00321
544.96 8.40E-02 0.00321
546.05 8.40E-02 0.00321
546.05 8.40E-02 0.00321
546.05 8.40E-02 0.00321
547.14 8.40E-02 0.00321
547.14 8.40E-02 0.00321
548.23 8.60E-02 0.00327
548.23 8.60E-02 0.00327
548.23 8.40E-02 0.00321
549.31 8.40E-02 0.00321
549.31 8.80E-02 0.00332
550.4 8.80E-02 0.00332
550.4 8.80E-02 0.00332
550.4 8.80E-02 0.00332
551.49 8.60E-02 0.00327
551.49 8.60E-02 0.00327
552.58 8.80E-02 0.00332
552.58 8.80E-02 0.00332
552.58 8.80E-02 0.00332
553.66 8.80E-02 0.00332
553.66 9.00E-02 0.00339
554.75 9.00E-02 0.00339
554.75 8.80E-02 0.00332
554.75 8.80E-02 0.00332
555.84 8.80E-02 0.00332
555.84 8.80E-02 0.00332
556.93 8.80E-02 0.00332
556.93 8.80E-02 0.00332
556.93 8.80E-02 0.00332
558.02 8.80E-02 0.00332
558.02 8.80E-02 0.00332
559.1 8.80E-02 0.00332
559.1 8.80E-02 0.00332
559.1 8.80E-02 0.00332
560.19 9.00E-02 0.00339
560.19 9.00E-02 0.00339
561.28 9.00E-02 0.00339
561.28 9.00E-02 0.00339
561.28 9.20E-02 0.00345
562.37 9.20E-02 0.00345
562.37 9.00E-02 0.00339
563.45 9.00E-02 0.00339
563.45 9.00E-02 0.00339
563.45 9.00E-02 0.00339
564.54 8.80E-02 0.00332
564.54 8.80E-02 0.00332
565.63 9.40E-02 0.00351
565.63 9.40E-02 0.00351
565.63 9.40E-02 0.00351
566.72 9.40E-02 0.00351
566.72 9.20E-02 0.00345
567.8 9.20E-02 0.00345
567.8 9.20E-02 0.00345
567.8 9.20E-02 0.00345
568.89 9.20E-02 0.00345
568.89 9.20E-02 0.00345
569.98 9.60E-02 0.00357
569.98 9.60E-02 0.00357
569.98 9.20E-02 0.00345
571.07 9.20E-02 0.00345
571.07 9.20E-02 0.00345
572.16 9.20E-02 0.00345
572.16 9.40E-02 0.00351
572.16 9.40E-02 0.00351
573.24 9.40E-02 0.00351
573.24 9.40E-02 0.00351
574.33 9.60E-02 0.00357
574.33 9.60E-02 0.00357
574.33 9.60E-02 0.00357
575.42 9.60E-02 0.00357
575.42 9.40E-02 0.00351
576.51 9.40E-02 0.00351
576.51 9.40E-02 0.00351
576.51 9.40E-02 0.00351
577.59 9.40E-02 0.00351
577.59 9.40E-02 0.00351
578.68 9.20E-02 0.00345
578.68 9.20E-02 0.00345
578.68 9.60E-02 0.00357
579.77 9.60E-02 0.00357
579.77 9.60E-02 0.00357
580.86 9.60E-02 0.00357
580.86 9.60E-02 0.00357
580.86 9.60E-02 0.00357
581.95 9.60E-02 0.00357
581.95 9.60E-02 0.00357
583.03 9.60E-02 0.00357
583.03 9.60E-02 0.00357
583.03 9.60E-02 0.00357
584.12 9.60E-02 0.00357
584.12 9.60E-02 0.00357
585.21 9.60E-02 0.00357
585.21 9.60E-02 0.00357
585.21 9.60E-02 0.00357
586.3 9.60E-02 0.00357
586.3 9.60E-02 0.00357
587.38 9.60E-02 0.00357
587.38 9.60E-02 0.00357
587.38 9.80E-02 0.00363
588.47 9.80E-02 0.00363
588.47 9.60E-02 0.00357
589.56 9.60E-02 0.00357
589.56 9.80E-02 0.00363
589.56 9.80E-02 0.00363
590.65 9.80E-02 0.00363
590.65 9.80E-02 0.00363
591.74 1.00E-01 0.00369
591.74 1.00E-01 0.00369
591.74 9.80E-02 0.00363
592.82 9.80E-02 0.00363
592.82 1.00E-01 0.00369
593.91 1.00E-01 0.00369
593.91 9.60E-02 0.00357
593.91 9.60E-02 0.00357
595 1.00E-01 0.00369
595 1.00E-01 0.00369
596.09 1.00E-01 0.00369
596.09 1.00E-01 0.00369
596.09 1.00E-01 0.00369
597.17 1.00E-01 0.00369
597.17 1.02E-01 0.00375
598.26 1.02E-01 0.00375
598.26 1.00E-01 0.00369
598.26 1.00E-01 0.00369
599.35 1.00E-01 0.00369
599.35 1.00E-01 0.00369
600.44 1.00E-01 0.00369
600.44 1.00E-01 0.00369
600.44 9.80E-02 0.00363
601.53 9.80E-02 0.00363
601.53 1.00E-01 0.00369
602.61 1.00E-01 0.00369
602.61 1.00E-01 0.00369
602.61 1.00E-01 0.00369
603.7 1.00E-01 0.00369
603.7 1.00E-01 0.00369
604.79 1.00E-01 0.00369
604.79 1.00E-01 0.00369
604.79 1.02E-01 0.00375
605.88 1.02E-01 0.00375
605.88 1.00E-01 0.00369
606.96 1.00E-01 0.00369
606.96 1.00E-01 0.00369
606.96 1.00E-01 0.00369
608.05 1.02E-01 0.00375
608.05 1.02E-01 0.00375
609.14 1.00E-01 0.00369
609.14 1.00E-01 0.00369
609.14 1.04E-01 0.00381
610.23 1.04E-01 0.00381
610.23 1.02E-01 0.00375
611.31 1.02E-01 0.00375
611.31 1.04E-01 0.00381
611.31 1.04E-01 0.00381
612.4 1.02E-01 0.00375
612.4 1.02E-01 0.00375
613.49 1.02E-01 0.00375
613.49 1.02E-01 0.00375
613.49 1.04E-01 0.00381
614.58 1.04E-01 0.00381
614.58 1.04E-01 0.00381
615.67 1.04E-01 0.00381
615.67 1.04E-01 0.00381
615.67 1.04E-01 0.00381
616.75 1.04E-01 0.00381
616.75 1.04E-01 0.00381
617.84 1.04E-01 0.00381
617.84 1.04E-01 0.00381
617.84 1.06E-01 0.00387
618.93 1.06E-01 0.00387
618.93 1.04E-01 0.00381
620.02 1.04E-01 0.00381
620.02 1.04E-01 0.00381
620.02 1.04E-01 0.00381
621.1 1.04E-01 0.00381
621.1 1.04E-01 0.00381
622.19 1.04E-01 0.00381
622.19 1.04E-01 0.00381
622.19 1.04E-01 0.00381
623.28 1.04E-01 0.00381
623.28 1.04E-01 0.00381
624.37 1.04E-01 0.00381
624.37 1.06E-01 0.00387
624.37 1.06E-01 0.00387
625.46 1.04E-01 0.00381
625.46 1.04E-01 0.00381
626.54 1.04E-01 0.00381
626.54 1.04E-01 0.00381
626.54 1.08E-01 0.00393
627.63 1.08E-01 0.00393
627.63 1.06E-01 0.00387
628.72 1.06E-01 0.00387
628.72 1.08E-01 0.00393
628.72 1.08E-01 0.00393
629.81 1.06E-01 0.00387
629.81 1.06E-01 0.00387
630.89 1.06E-01 0.00387
630.89 1.06E-01 0.00387
630.89 1.06E-01 0.00387
631.98 1.06E-01 0.00387
631.98 1.06E-01 0.00387
633.07 1.06E-01 0.00387
633.07 1.06E-01 0.00387
633.07 1.06E-01 0.00387
634.16 1.06E-01 0.00387
634.16 1.06E-01 0.00387
635.25 1.08E-01 0.00393
635.25 1.08E-01 0.00393
635.25 1.08E-01 0.00393
636.33 1.08E-01 0.00393
636.33 1.06E-01 0.00387
637.42 1.06E-01 0.00387
637.42 1.08E-01 0.00393
637.42 1.08E-01 0.00393
638.51 1.12E-01 0.00404
638.51 1.12E-01 0.00404
639.6 1.08E-01 0.00393
639.6 1.08E-01 0.00393
639.6 1.08E-01 0.00393
640.68 1.08E-01 0.00393
640.68 1.10E-01 0.00399
641.77 1.10E-01 0.00399
641.77 1.08E-01 0.00393
641.77 1.08E-01 0.00393
642.86 1.10E-01 0.00399
642.86 1.10E-01 0.00399
643.95 1.12E-01 0.00404
643.95 1.12E-01 0.00404
643.95 1.06E-01 0.00387
645.04 1.06E-01 0.00387
645.04 1.08E-01 0.00393
646.12 1.08E-01 0.00393
646.12 1.10E-01 0.00399
646.12 1.10E-01 0.00399
647.21 1.10E-01 0.00399
647.21 1.10E-01 0.00399
648.3 1.08E-01 0.00393
648.3 1.08E-01 0.00393
648.3 1.08E-01 0.00393
649.39 1.08E-01 0.00393
649.39 1.12E-01 0.00404
650.47 1.12E-01 0.00404
650.47 1.10E-01 0.00399
650.47 1.10E-01 0.00399
651.56 1.10E-01 0.00399
651.56 1.10E-01 0.00399
652.65 1.12E-01 0.00404
652.65 1.12E-01 0.00404
652.65 1.12E-01 0.00404
653.74 1.12E-01 0.00404
653.74 1.10E-01 0.00399
654.82 1.10E-01 0.00399
654.82 1.12E-01 0.00404
654.82 1.12E-01 0.00404
655.91 1.12E-01 0.00404
655.91 1.12E-01 0.00404
657 1.12E-01 0.00404
657 1.12E-01 0.00404
657 1.12E-01 0.00404
658.09 1.12E-01 0.00404
658.09 1.14E-01 0.0041
659.18 1.14E-01 0.0041
659.18 1.12E-01 0.00404
659.18 1.12E-01 0.00404
660.26 1.14E-01 0.0041
660.26 1.14E-01 0.0041
661.35 1.14E-01 0.0041
661.35 1.14E-01 0.0041
661.35 1.12E-01 0.00404
662.44 1.12E-01 0.00404
662.44 1.14E-01 0.0041
663.53 1.14E-01 0.0041
663.53 1.16E-01 0.00416
663.53 1.16E-01 0.00416
664.61 1.12E-01 0.00404
664.61 1.12E-01 0.00404
665.7 1.14E-01 0.0041
665.7 1.14E-01 0.0041
665.7 1.12E-01 0.00404
666.79 1.12E-01 0.00404
666.79 1.14E-01 0.0041
667.88 1.14E-01 0.0041
667.88 1.12E-01 0.00404
667.88 1.12E-01 0.00404
668.97 1.12E-01 0.00404
668.97 1.12E-01 0.00404
670.05 1.14E-01 0.0041
670.05 1.14E-01 0.0041
670.05 1.12E-01 0.00404
671.14 1.12E-01 0.00404
671.14 1.12E-01 0.00404
672.23 1.12E-01 0.00404
672.23 1.16E-01 0.00416
672.23 1.16E-01 0.00416
673.32 1.14E-01 0.0041
673.32 1.14E-01 0.0041
674.4 1.14E-01 0.0041
674.4 1.14E-01 0.0041
674.4 1.16E-01 0.00416
675.49 1.16E-01 0.00416
675.49 1.18E-01 0.00422
676.58 1.18E-01 0.00422
676.58 1.20E-01 0.00428
676.58 1.20E-01 0.00428
677.67 1.18E-01 0.00422
677.67 1.18E-01 0.00422
678.76 1.16E-01 0.00416
678.76 1.16E-01 0.00416
678.76 1.20E-01 0.00428
679.84 1.20E-01 0.00428
679.84 1.20E-01 0.00428
680.93 1.20E-01 0.00428
680.93 1.16E-01 0.00416
680.93 1.16E-01 0.00416
682.02 1.14E-01 0.0041
682.02 1.14E-01 0.0041
683.11 1.14E-01 0.0041
683.11 1.14E-01 0.0041
683.11 1.20E-01 0.00428
684.19 1.20E-01 0.00428
684.19 1.18E-01 0.00422
685.28 1.18E-01 0.00422
685.28 1.16E-01 0.00416
685.28 1.16E-01 0.00416
686.37 1.16E-01 0.00416
686.37 1.16E-01 0.00416
687.46 1.16E-01 0.00416
687.46 1.16E-01 0.00416
687.46 1.16E-01 0.00416
688.55 1.16E-01 0.00416
688.55 1.14E-01 0.0041
689.63 1.14E-01 0.0041
689.63 1.20E-01 0.00428
689.63 1.20E-01 0.00428
690.72 1.18E-01 0.00422
690.72 1.18E-01 0.00422
691.81 1.16E-01 0.00416
691.81 1.16E-01 0.00416
691.81 1.20E-01 0.00428
692.9 1.20E-01 0.00428
692.9 1.20E-01 0.00428
693.98 1.20E-01 0.00428
693.98 1.20E-01 0.00428
693.98 1.20E-01 0.00428
695.07 1.18E-01 0.00422
695.07 1.18E-01 0.00422
696.16 1.20E-01 0.00428
696.16 1.20E-01 0.00428
696.16 1.20E-01 0.00428
697.25 1.20E-01 0.00428
697.25 1.20E-01 0.00428
698.33 1.20E-01 0.00428
698.33 1.20E-01 0.00428
698.33 1.20E-01 0.00428
699.42 1.20E-01 0.00428
699.42 1.20E-01 0.00428
700.51 1.20E-01 0.00428
700.51 1.20E-01 0.00428
700.51 1.20E-01 0.00428
701.6 1.20E-01 0.00428
701.6 1.20E-01 0.00428
702.69 1.20E-01 0.00428
702.69 1.20E-01 0.00428
702.69 1.20E-01 0.00428
703.77 1.20E-01 0.00428
703.77 1.20E-01 0.00428
704.86 1.20E-01 0.00428
704.86 1.20E-01 0.00428
704.86 1.22E-01 0.00433
705.95 1.22E-01 0.00433
705.95 1.20E-01 0.00428
707.04 1.20E-01 0.00428
707.04 1.22E-01 0.00433
707.04 1.22E-01 0.00433
708.12 1.20E-01 0.00428
708.12 1.20E-01 0.00428
709.21 1.22E-01 0.00433
709.21 1.22E-01 0.00433
709.21 1.22E-01 0.00433
710.3 1.22E-01 0.00433
710.3 1.22E-01 0.00433
711.39 1.22E-01 0.00433
711.39 1.22E-01 0.00433
711.39 1.22E-01 0.00433
712.48 1.24E-01 0.00439
712.48 1.24E-01 0.00439
713.56 1.24E-01 0.00439
713.56 1.24E-01 0.00439
713.56 1.22E-01 0.00433
714.65 1.22E-01 0.00433
714.65 1.22E-01 0.00433
715.74 1.22E-01 0.00433
715.74 1.24E-01 0.00439
715.74 1.24E-01 0.00439
716.83 1.22E-01 0.00433
716.83 1.22E-01 0.00433
717.91 1.22E-01 0.00433
717.91 1.22E-01 0.00433
717.91 1.24E-01 0.00439
719 1.24E-01 0.00439
719 1.22E-01 0.00433
720.09 1.22E-01 0.00433
720.09 1.22E-01 0.00433
720.09 1.22E-01 0.00433
721.18 1.24E-01 0.00439
721.18 1.24E-01 0.00439
722.27 1.22E-01 0.00433
722.27 1.22E-01 0.00433
722.27 1.22E-01 0.00433
723.35 1.22E-01 0.00433
723.35 1.24E-01 0.00439
724.44 1.24E-01 0.00439
724.44 1.24E-01 0.00439
724.44 1.24E-01 0.00439
725.53 1.26E-01 0.00446
725.53 1.26E-01 0.00446
726.62 1.24E-01 0.00439
726.62 1.24E-01 0.00439
726.62 1.22E-01 0.00433
727.7 1.22E-01 0.00433
727.7 1.26E-01 0.00446
728.79 1.26E-01 0.00446
728.79 1.24E-01 0.00439
728.79 1.24E-01 0.00439
729.88 1.24E-01 0.00439
729.88 1.24E-01 0.00439
730.97 1.24E-01 0.00439
730.97 1.24E-01 0.00439
730.97 1.26E-01 0.00446
732.06 1.26E-01 0.00446
732.06 1.24E-01 0.00439
733.14 1.24E-01 0.00439
733.14 1.28E-01 0.00452
733.14 1.28E-01 0.00452
734.23 1.24E-01 0.00439
734.23 1.24E-01 0.00439
735.32 1.26E-01 0.00446
735.32 1.26E-01 0.00446
735.32 1.24E-01 0.00439
736.41 1.24E-01 0.00439
736.41 1.26E-01 0.00446
737.49 1.26E-01 0.00446
737.49 1.26E-01 0.00446
737.49 1.26E-01 0.00446
738.58 1.26E-01 0.00446
738.58 1.26E-01 0.00446
739.67 1.24E-01 0.00439
739.67 1.24E-01 0.00439
739.67 1.24E-01 0.00439
740.76 1.24E-01 0.00439
740.76 1.26E-01 0.00446
741.84 1.26E-01 0.00446
741.84 1.26E-01 0.00446
741.84 1.26E-01 0.00446
742.93 1.28E-01 0.00452
742.93 1.28E-01 0.00452
744.02 1.28E-01 0.00452
744.02 1.28E-01 0.00452
744.02 1.26E-01 0.00446
745.11 1.26E-01 0.00446
745.11 1.26E-01 0.00446
746.2 1.26E-01 0.00446
746.2 1.28E-01 0.00452
746.2 1.28E-01 0.00452
747.28 1.28E-01 0.00452
747.28 1.28E-01 0.00452
748.37 1.26E-01 0.00446
748.37 1.26E-01 0.00446
748.37 1.26E-01 0.00446
749.46 1.26E-01 0.00446
749.46 1.28E-01 0.00452
750.55 1.28E-01 0.00452
750.55 1.28E-01 0.00452
750.55 1.28E-01 0.00452
751.63 1.28E-01 0.00452
751.63 1.28E-01 0.00452
752.72 1.28E-01 0.00452
752.72 1.28E-01 0.00452
752.72 1.28E-01 0.00452
753.81 1.28E-01 0.00452
753.81 1.28E-01 0.00452
754.9 1.28E-01 0.00452
754.9 1.28E-01 0.00452
754.9 1.28E-01 0.00452
755.99 1.28E-01 0.00452
755.99 1.28E-01 0.00452
757.07 1.26E-01 0.00446
757.07 1.26E-01 0.00446
757.07 1.28E-01 0.00452
758.16 1.28E-01 0.00452
758.16 1.28E-01 0.00452
759.25 1.28E-01 0.00452
759.25 1.28E-01 0.00452
759.25 1.28E-01 0.00452
760.34 1.28E-01 0.00452
760.34 1.28E-01 0.00452
761.42 1.26E-01 0.00446
761.42 1.26E-01 0.00446
761.42 1.28E-01 0.00452
762.51 1.28E-01 0.00452
762.51 1.28E-01 0.00452
763.6 1.28E-01 0.00452
763.6 1.28E-01 0.00452
763.6 1.28E-01 0.00452
764.69 1.28E-01 0.00452
764.69 1.28E-01 0.00452
765.78 1.28E-01 0.00452
765.78 1.28E-01 0.00452
765.78 1.28E-01 0.00452
766.86 1.28E-01 0.00452
766.86 1.28E-01 0.00452
767.95 1.28E-01 0.00452
767.95 1.28E-01 0.00452
767.95 1.28E-01 0.00452
769.04 1.28E-01 0.00452
769.04 1.28E-01 0.00452
770.13 1.30E-01 0.00458
770.13 1.30E-01 0.00458
770.13 1.28E-01 0.00452
771.21 1.28E-01 0.00452
771.21 1.28E-01 0.00452
772.3 1.28E-01 0.00452
772.3 1.28E-01 0.00452
772.3 1.28E-01 0.00452
773.39 1.28E-01 0.00452
773.39 1.28E-01 0.00452
774.48 1.28E-01 0.00452
774.48 1.28E-01 0.00452
774.48 1.28E-01 0.00452
775.57 1.28E-01 0.00452
775.57 1.28E-01 0.00452
776.65 1.28E-01 0.00452
776.65 1.30E-01 0.00458
776.65 1.30E-01 0.00458
777.74 1.30E-01 0.00458
777.74 1.30E-01 0.00458
778.83 1.28E-01 0.00452
778.83 1.28E-01 0.00452
778.83 1.28E-01 0.00452
779.92 1.28E-01 0.00452
779.92 1.28E-01 0.00452
781 1.28E-01 0.00452
781 1.28E-01 0.00452
781 1.28E-01 0.00452
782.09 1.28E-01 0.00452
782.09 1.28E-01 0.00452
783.18 1.28E-01 0.00452
783.18 1.28E-01 0.00452
783.18 1.28E-01 0.00452
784.27 1.28E-01 0.00452
784.27 1.28E-01 0.00452
785.35 1.28E-01 0.00452
785.35 1.28E-01 0.00452
785.35 1.28E-01 0.00452
786.44 1.28E-01 0.00452
786.44 1.28E-01 0.00452
787.53 1.28E-01 0.00452
787.53 1.28E-01 0.00452
787.53 1.28E-01 0.00452
788.62 1.28E-01 0.00452
788.62 1.28E-01 0.00452
789.71 1.28E-01 0.00452
789.71 1.28E-01 0.00452
789.71 1.28E-01 0.00452
790.79 1.30E-01 0.00458
790.79 1.30E-01 0.00458
791.88 1.28E-01 0.00452
791.88 1.28E-01 0.00452
791.88 1.30E-01 0.00458
792.97 1.30E-01 0.00458
792.97 1.30E-01 0.00458
794.06 1.30E-01 0.00458
794.06 1.28E-01 0.00452
794.06 1.28E-01 0.00452
795.14 1.28E-01 0.00452
795.14 1.28E-01 0.00452
796.23 1.28E-01 0.00452
796.23 1.28E-01 0.00452
796.23 1.28E-01 0.00452
797.32 1.28E-01 0.00452
797.32 1.30E-01 0.00458
798.41 1.30E-01 0.00458
798.41 1.30E-01 0.00458
798.41 1.30E-01 0.00458
799.5 1.28E-01 0.00452
799.5 1.28E-01 0.00452
800.58 1.30E-01 0.00458
800.58 1.30E-01 0.00458
800.58 1.32E-01 0.00465
801.67 1.32E-01 0.00465
801.67 1.28E-01 0.00452
802.76 1.28E-01 0.00452
802.76 1.30E-01 0.00458
802.76 1.30E-01 0.00458
803.85 1.30E-01 0.00458
803.85 1.30E-01 0.00458
804.93 1.28E-01 0.00452
804.93 1.28E-01 0.00452
804.93 1.28E-01 0.00452
806.02 1.28E-01 0.00452
806.02 1.28E-01 0.00452
807.11 1.28E-01 0.00452
807.11 1.30E-01 0.00458
807.11 1.30E-01 0.00458
808.2 1.28E-01 0.00452
808.2 1.28E-01 0.00452
809.29 1.28E-01 0.00452
809.29 1.28E-01 0.00452
809.29 1.28E-01 0.00452
810.37 1.28E-01 0.00452
810.37 1.32E-01 0.00465
811.46 1.32E-01 0.00465
811.46 1.30E-01 0.00458
811.46 1.30E-01 0.00458
812.55 1.28E-01 0.00452
812.55 1.28E-01 0.00452
813.64 1.28E-01 0.00452
813.64 1.28E-01 0.00452
813.64 1.28E-01 0.00452
814.72 1.28E-01 0.00452
814.72 1.30E-01 0.00458
815.81 1.30E-01 0.00458
815.81 1.28E-01 0.00452
815.81 1.28E-01 0.00452
816.9 1.30E-01 0.00458
816.9 1.30E-01 0.00458
817.99 1.30E-01 0.00458
817.99 1.30E-01 0.00458
817.99 1.28E-01 0.00452
819.07 1.28E-01 0.00452
819.07 1.30E-01 0.00458
820.16 1.30E-01 0.00458
820.16 1.30E-01 0.00458
820.16 1.30E-01 0.00458
821.25 1.28E-01 0.00452
821.25 1.28E-01 0.00452
822.34 1.28E-01 0.00452
822.34 1.28E-01 0.00452
822.34 1.30E-01 0.00458
823.43 1.30E-01 0.00458
823.43 1.30E-01 0.00458
824.51 1.30E-01 0.00458
824.51 1.30E-01 0.00458
824.51 1.30E-01 0.00458
825.6 1.30E-01 0.00458
825.6 1.30E-01 0.00458
826.69 1.28E-01 0.00452
826.69 1.28E-01 0.00452
826.69 1.30E-01 0.00458
827.78 1.30E-01 0.00458
827.78 1.28E-01 0.00452
828.86 1.28E-01 0.00452
828.86 1.30E-01 0.00458
828.86 1.30E-01 0.00458
829.95 1.26E-01 0.00446
829.95 1.26E-01 0.00446
831.04 1.28E-01 0.00452
831.04 1.28E-01 0.00452
831.04 1.28E-01 0.00452
832.13 1.28E-01 0.00452
832.13 1.28E-01 0.00452
833.22 1.28E-01 0.00452
833.22 1.30E-01 0.00458
833.22 1.30E-01 0.00458
834.3 1.28E-01 0.00452
834.3 1.28E-01 0.00452
835.39 1.28E-01 0.00452
835.39 1.28E-01 0.00452
835.39 1.28E-01 0.00452
836.48 1.28E-01 0.00452
836.48 1.28E-01 0.00452
837.57 1.28E-01 0.00452
837.57 1.28E-01 0.00452
837.57 1.28E-01 0.00452
838.65 1.30E-01 0.00458
838.65 1.30E-01 0.00458
839.74 1.30E-01 0.00458
839.74 1.30E-01 0.00458
839.74 1.28E-01 0.00452
840.83 1.28E-01 0.00452
840.83 1.28E-01 0.00452
841.92 1.28E-01 0.00452
841.92 1.28E-01 0.00452
841.92 1.28E-01 0.00452
843.01 1.28E-01 0.00452
843.01 1.28E-01 0.00452
844.09 1.30E-01 0.00458
844.09 1.30E-01 0.00458
844.09 1.30E-01 0.00458
845.18 1.30E-01 0.00458
845.18 1.28E-01 0.00452
846.27 1.28E-01 0.00452
846.27 1.28E-01 0.00452
846.27 1.28E-01 0.00452
847.36 1.28E-01 0.00452
847.36 1.28E-01 0.00452
848.44 1.28E-01 0.00452
848.44 1.28E-01 0.00452
848.44 1.28E-01 0.00452
849.53 1.28E-01 0.00452
849.53 1.26E-01 0.00446
850.62 1.26E-01 0.00446
850.62 1.30E-01 0.00458
850.62 1.30E-01 0.00458
851.71 1.28E-01 0.00452
851.71 1.28E-01 0.00452
852.8 1.28E-01 0.00452
852.8 1.28E-01 0.00452
852.8 1.26E-01 0.00446
853.88 1.26E-01 0.00446
853.88 1.28E-01 0.00452
854.97 1.28E-01 0.00452
854.97 1.28E-01 0.00452
854.97 1.28E-01 0.00452
856.06 1.24E-01 0.00439
856.06 1.24E-01 0.00439
857.15 1.24E-01 0.00439
857.15 1.24E-01 0.00439
857.15 1.24E-01 0.00439
858.23 1.24E-01 0.00439
858.23 1.28E-01 0.00452
859.32 1.28E-01 0.00452
859.32 1.28E-01 0.00452
859.32 1.28E-01 0.00452
860.41 1.28E-01 0.00452
860.41 1.28E-01 0.00452
861.5 1.24E-01 0.00439
861.5 1.24E-01 0.00439
861.5 1.28E-01 0.00452
862.58 1.28E-01 0.00452
862.58 1.26E-01 0.00446
863.67 1.26E-01 0.00446
863.67 1.28E-01 0.00452
863.67 1.28E-01 0.00452
864.76 1.24E-01 0.00439
864.76 1.24E-01 0.00439
865.85 1.26E-01 0.00446
865.85 1.26E-01 0.00446
865.85 1.26E-01 0.00446
866.94 1.26E-01 0.00446
866.94 1.26E-01 0.00446
868.02 1.26E-01 0.00446
868.02 1.28E-01 0.00452
868.02 1.28E-01 0.00452
869.11 1.26E-01 0.00446
869.11 1.26E-01 0.00446
870.2 1.26E-01 0.00446
870.2 1.26E-01 0.00446
870.2 1.26E-01 0.00446
871.29 1.26E-01 0.00446
871.29 1.24E-01 0.00439
872.37 1.24E-01 0.00439
872.37 1.24E-01 0.00439
872.37 1.24E-01 0.00439
873.46 1.24E-01 0.00439
873.46 1.24E-01 0.00439
874.55 1.24E-01 0.00439
874.55 1.24E-01 0.00439
874.55 1.26E-01 0.00446
875.64 1.26E-01 0.00446
875.64 1.26E-01 0.00446
876.73 1.26E-01 0.00446
876.73 1.24E-01 0.00439
876.73 1.24E-01 0.00439
877.81 1.24E-01 0.00439
877.81 1.24E-01 0.00439
878.9 1.22E-01 0.00433
878.9 1.22E-01 0.00433
878.9 1.24E-01 0.00439
879.99 1.24E-01 0.00439
879.99 1.24E-01 0.00439
881.08 1.24E-01 0.00439
881.08 1.24E-01 0.00439
881.08 1.24E-01 0.00439
882.16 1.24E-01 0.00439
882.16 1.24E-01 0.00439
883.25 1.22E-01 0.00433
883.25 1.22E-01 0.00433
883.25 1.26E-01 0.00446
884.34 1.26E-01 0.00446
884.34 1.24E-01 0.00439
885.43 1.24E-01 0.00439
885.43 1.22E-01 0.00433
885.43 1.22E-01 0.00433
886.52 1.24E-01 0.00439
886.52 1.24E-01 0.00439
887.6 1.22E-01 0.00433
887.6 1.22E-01 0.00433
887.6 1.22E-01 0.00433
888.69 1.22E-01 0.00433
888.69 1.24E-01 0.00439
889.78 1.24E-01 0.00439
889.78 1.22E-01 0.00433
889.78 1.22E-01 0.00433
890.87 1.24E-01 0.00439
890.87 1.24E-01 0.00439
891.95 1.22E-01 0.00433
891.95 1.22E-01 0.00433
891.95 1.22E-01 0.00433
893.04 1.22E-01 0.00433
893.04 1.22E-01 0.00433
894.13 1.22E-01 0.00433
894.13 1.24E-01 0.00439
894.13 1.24E-01 0.00439
895.22 1.22E-01 0.00433
895.22 1.22E-01 0.00433
896.31 1.24E-01 0.00439
896.31 1.24E-01 0.00439
896.31 1.22E-01 0.00433
897.39 1.22E-01 0.00433
897.39 1.22E-01 0.00433
898.48 1.22E-01 0.00433
898.48 1.22E-01 0.00433
898.48 1.22E-01 0.00433
899.57 1.20E-01 0.00428
899.57 1.20E-01 0.00428
900.66 1.20E-01 0.00428
900.66 1.20E-01 0.00428
900.66 1.20E-01 0.00428
901.74 1.20E-01 0.00428
901.74 1.20E-01 0.00428
902.83 1.20E-01 0.00428
902.83 1.20E-01 0.00428
902.83 1.20E-01 0.00428
903.92 1.20E-01 0.00428
903.92 1.20E-01 0.00428
905.01 1.20E-01 0.00428
905.01 1.20E-01 0.00428
905.01 1.20E-01 0.00428
906.09 1.20E-01 0.00428
906.09 1.20E-01 0.00428
907.18 1.20E-01 0.00428
907.18 1.18E-01 0.00422
907.18 1.18E-01 0.00422
908.27 1.18E-01 0.00422
908.27 1.18E-01 0.00422
909.36 1.20E-01 0.00428
909.36 1.20E-01 0.00428
909.36 1.20E-01 0.00428
910.45 1.20E-01 0.00428
910.45 1.20E-01 0.00428
911.53 1.20E-01 0.00428
911.53 1.20E-01 0.00428
911.53 1.20E-01 0.00428
912.62 1.20E-01 0.00428
912.62 1.20E-01 0.00428
913.71 1.16E-01 0.00416
913.71 1.16E-01 0.00416
913.71 1.20E-01 0.00428
914.8 1.20E-01 0.00428
914.8 1.18E-01 0.00422
915.88 1.18E-01 0.00422
915.88 1.20E-01 0.00428
915.88 1.20E-01 0.00428
916.97 1.20E-01 0.00428
916.97 1.20E-01 0.00428
918.06 1.20E-01 0.00428
918.06 1.20E-01 0.00428
918.06 1.16E-01 0.00416
919.15 1.16E-01 0.00416
919.15 1.20E-01 0.00428
920.24 1.20E-01 0.00428
920.24 1.14E-01 0.0041
920.24 1.14E-01 0.0041
921.32 1.18E-01 0.00422
921.32 1.18E-01 0.00422
922.41 1.14E-01 0.0041
922.41 1.14E-01 0.0041
922.41 1.16E-01 0.00416
923.5 1.16E-01 0.00416
923.5 1.16E-01 0.00416
924.59 1.16E-01 0.00416
924.59 1.20E-01 0.00428
924.59 1.20E-01 0.00428
925.67 1.12E-01 0.00404
925.67 1.12E-01 0.00404
926.76 1.16E-01 0.00416
926.76 1.16E-01 0.00416
926.76 1.16E-01 0.00416
927.85 1.16E-01 0.00416
927.85 1.18E-01 0.00422
928.94 1.18E-01 0.00422
928.94 1.14E-01 0.0041
928.94 1.14E-01 0.0041
930.03 1.16E-01 0.00416
930.03 1.16E-01 0.00416
931.11 1.14E-01 0.0041
931.11 1.14E-01 0.0041
931.11 1.14E-01 0.0041
932.2 1.14E-01 0.0041
932.2 1.14E-01 0.0041
933.29 1.14E-01 0.0041
933.29 1.14E-01 0.0041
933.29 1.14E-01 0.0041
934.38 1.12E-01 0.00404
934.38 1.12E-01 0.00404
935.46 1.14E-01 0.0041
935.46 1.14E-01 0.0041
935.46 1.14E-01 0.0041
936.55 1.14E-01 0.0041
936.55 1.12E-01 0.00404
937.64 1.12E-01 0.00404
937.64 1.12E-01 0.00404
937.64 1.12E-01 0.00404
938.73 1.12E-01 0.00404
938.73 1.12E-01 0.00404
939.82 1.14E-01 0.0041
939.82 1.14E-01 0.0041
939.82 1.12E-01 0.00404
940.9 1.12E-01 0.00404
940.9 1.14E-01 0.0041
941.99 1.14E-01 0.0041
941.99 1.12E-01 0.00404
941.99 1.12E-01 0.00404
943.08 1.16E-01 0.00416
943.08 1.16E-01 0.00416
944.17 1.12E-01 0.00404
944.17 1.12E-01 0.00404
944.17 1.10E-01 0.00399
945.25 1.10E-01 0.00399
945.25 1.12E-01 0.00404
946.34 1.12E-01 0.00404
946.34 1.12E-01 0.00404
946.34 1.12E-01 0.00404
947.43 1.10E-01 0.00399
947.43 1.10E-01 0.00399
948.52 1.12E-01 0.00404
948.52 1.12E-01 0.00404
948.52 1.08E-01 0.00393
949.6 1.08E-01 0.00393
949.6 1.10E-01 0.00399
950.69 1.10E-01 0.00399
950.69 1.10E-01 0.00399
950.69 1.10E-01 0.00399
951.78 1.12E-01 0.00404
951.78 1.12E-01 0.00404
952.87 1.10E-01 0.00399
952.87 1.10E-01 0.00399
952.87 1.10E-01 0.00399
953.96 1.10E-01 0.00399
953.96 1.12E-01 0.00404
955.04 1.12E-01 0.00404
955.04 1.06E-01 0.00387
955.04 1.06E-01 0.00387
956.13 1.10E-01 0.00399
956.13 1.10E-01 0.00399
957.22 1.10E-01 0.00399
957.22 1.10E-01 0.00399
957.22 1.08E-01 0.00393
958.31 1.08E-01 0.00393
958.31 1.12E-01 0.00404
959.39 1.12E-01 0.00404
959.39 1.08E-01 0.00393
959.39 1.08E-01 0.00393
960.48 1.08E-01 0.00393
960.48 1.08E-01 0.00393
961.57 1.08E-01 0.00393
961.57 1.08E-01 0.00393
961.57 1.08E-01 0.00393
962.66 1.08E-01 0.00393
962.66 1.08E-01 0.00393
963.75 1.08E-01 0.00393
963.75 1.08E-01 0.00393
963.75 1.08E-01 0.00393
964.83 1.08E-01 0.00393
964.83 1.08E-01 0.00393
965.92 1.08E-01 0.00393
965.92 1.08E-01 0.00393
965.92 1.06E-01 0.00387
967.01 1.06E-01 0.00387
967.01 1.08E-01 0.00393
968.1 1.08E-01 0.00393
968.1 1.08E-01 0.00393
968.1 1.08E-01 0.00393
969.18 1.06E-01 0.00387
969.18 1.06E-01 0.00387
970.27 1.08E-01 0.00393
970.27 1.08E-01 0.00393
970.27 1.06E-01 0.00387
971.36 1.06E-01 0.00387
971.36 1.08E-01 0.00393
972.45 1.08E-01 0.00393
972.45 1.08E-01 0.00393
972.45 1.08E-01 0.00393
973.54 1.06E-01 0.00387
973.54 1.06E-01 0.00387
974.62 1.06E-01 0.00387
974.62 1.06E-01 0.00387
974.62 1.08E-01 0.00393
975.71 1.08E-01 0.00393
975.71 1.04E-01 0.00381
976.8 1.04E-01 0.00381
976.8 1.06E-01 0.00387
976.8 1.06E-01 0.00387
977.89 1.08E-01 0.00393
977.89 1.08E-01 0.00393
978.97 1.06E-01 0.00387
978.97 1.06E-01 0.00387
978.97 1.06E-01 0.00387
980.06 1.06E-01 0.00387
980.06 1.06E-01 0.00387
981.15 1.06E-01 0.00387
981.15 1.06E-01 0.00387
981.15 1.06E-01 0.00387
982.24 1.04E-01 0.00381
982.24 1.04E-01 0.00381
983.33 1.06E-01 0.00387
983.33 1.06E-01 0.00387
983.33 1.06E-01 0.00387
984.41 1.06E-01 0.00387
984.41 1.04E-01 0.00381
985.5 1.04E-01 0.00381
985.5 1.04E-01 0.00381
985.5 1.04E-01 0.00381
986.59 1.04E-01 0.00381
986.59 1.04E-01 0.00381
987.68 1.04E-01 0.00381
987.68 1.04E-01 0.00381
987.68 1.04E-01 0.00381
988.76 1.04E-01 0.00381
988.76 1.04E-01 0.00381
989.85 1.04E-01 0.00381
989.85 1.04E-01 0.00381
989.85 1.04E-01 0.00381
990.94 1.04E-01 0.00381
990.94 1.04E-01 0.00381
992.03 1.02E-01 0.00375
992.03 1.02E-01 0.00375
992.03 1.04E-01 0.00381
993.11 1.04E-01 0.00381
993.11 1.04E-01 0.00381
994.2 1.04E-01 0.00381
994.2 1.04E-01 0.00381
994.2 1.04E-01 0.00381
995.29 1.00E-01 0.00369
995.29 1.00E-01 0.00369
996.38 1.02E-01 0.00375
996.38 1.02E-01 0.00375
996.38 1.00E-01 0.00369
997.47 1.00E-01 0.00369
997.47 1.00E-01 0.00369
998.55 1.00E-01 0.00369
998.55 1.00E-01 0.00369
998.55 1.00E-01 0.00369
999.64 1.00E-01 0.00369
999.64 1.00E-01 0.00369
1000.73 1.04E-01 0.00381
1000.73 1.04E-01 0.00381
1000.73 1.02E-01 0.00375
1001.82 1.02E-01 0.00375
1001.82 1.00E-01 0.00369
1002.9 1.00E-01 0.00369
1002.9 1.02E-01 0.00375
1002.9 1.02E-01 0.00375
1003.99 1.00E-01 0.00369
1003.99 1.00E-01 0.00369
1005.08 1.00E-01 0.00369
1005.08 1.00E-01 0.00369
1005.08 1.02E-01 0.00375
1006.17 1.02E-01 0.00375
1006.17 1.00E-01 0.00369
1007.26 1.00E-01 0.00369
1007.26 9.80E-02 0.00363
1007.26 9.80E-02 0.00363
1008.34 1.00E-01 0.00369
1008.34 1.00E-01 0.00369
1009.43 9.80E-02 0.00363
1009.43 9.80E-02 0.00363
1009.43 9.80E-02 0.00363
1010.52 9.80E-02 0.00363
1010.52 9.80E-02 0.00363
1011.61 9.80E-02 0.00363
1011.61 1.00E-01 0.00369
1011.61 1.00E-01 0.00369
1012.69 9.80E-02 0.00363
1012.69 9.80E-02 0.00363
1013.78 9.80E-02 0.00363
1013.78 9.80E-02 0.00363
1013.78 1.00E-01 0.00369
1014.87 1.00E-01 0.00369
1014.87 9.80E-02 0.00363
1015.96 9.80E-02 0.00363
1015.96 9.60E-02 0.00357
1015.96 9.60E-02 0.00357
1017.05 9.80E-02 0.00363
1017.05 9.80E-02 0.00363
1018.13 9.60E-02 0.00357
1018.13 9.60E-02 0.00357
1018.13 9.80E-02 0.00363
1019.22 9.80E-02 0.00363
1019.22 9.60E-02 0.00357
1020.31 9.60E-02 0.00357
1020.31 9.60E-02 0.00357
1020.31 9.60E-02 0.00357
1021.4 9.60E-02 0.00357
1021.4 9.60E-02 0.00357
1022.48 9.60E-02 0.00357
1022.48 9.60E-02 0.00357
1022.48 9.80E-02 0.00363
1023.57 9.80E-02 0.00363
1023.57 9.80E-02 0.00363
1024.66 9.80E-02 0.00363
1024.66 9.40E-02 0.00351
1024.66 9.40E-02 0.00351
1025.75 9.60E-02 0.00357
1025.75 9.60E-02 0.00357
1026.84 9.40E-02 0.00351
1026.84 9.40E-02 0.00351
1026.84 9.40E-02 0.00351
1027.92 9.40E-02 0.00351
1027.92 9.60E-02 0.00357
1029.01 9.60E-02 0.00357
1029.01 9.60E-02 0.00357
1029.01 9.60E-02 0.00357
1030.1 9.60E-02 0.00357
1030.1 9.60E-02 0.00357
1031.19 9.60E-02 0.00357
1031.19 9.60E-02 0.00357
1031.19 9.20E-02 0.00345
1032.27 9.20E-02 0.00345
1032.27 9.00E-02 0.00339
1033.36 9.00E-02 0.00339
1033.36 9.40E-02 0.00351
1033.36 9.40E-02 0.00351
1034.45 9.20E-02 0.00345
1034.45 9.20E-02 0.00345
1035.54 9.20E-02 0.00345
1035.54 9.20E-02 0.00345
1035.54 9.40E-02 0.00351
1036.62 9.40E-02 0.00351
1036.62 9.40E-02 0.00351
1037.71 9.40E-02 0.00351
1037.71 9.20E-02 0.00345
1037.71 9.20E-02 0.00345
1038.8 9.20E-02 0.00345
1038.8 9.20E-02 0.00345
1039.89 8.80E-02 0.00332
1039.89 8.80E-02 0.00332
1039.89 9.00E-02 0.00339
1040.98 9.00E-02 0.00339
1040.98 9.20E-02 0.00345
1042.06 9.20E-02 0.00345
1042.06 9.00E-02 0.00339
1042.06 9.00E-02 0.00339
1043.15 8.80E-02 0.00332
1043.15 8.80E-02 0.00332
1044.24 9.20E-02 0.00345
1044.24 9.20E-02 0.00345
1044.24 9.00E-02 0.00339
1045.33 9.00E-02 0.00339
1045.33 8.80E-02 0.00332
1046.41 8.80E-02 0.00332
1046.41 8.80E-02 0.00332
1046.41 8.80E-02 0.00332
1047.5 8.80E-02 0.00332
1047.5 8.80E-02 0.00332
1048.59 9.00E-02 0.00339
1048.59 9.00E-02 0.00339
1048.59 9.00E-02 0.00339
1049.68 9.00E-02 0.00339
1049.68 8.80E-02 0.00332
1050.77 8.80E-02 0.00332
1050.77 8.80E-02 0.00332
1050.77 8.80E-02 0.00332
1051.85 8.80E-02 0.00332
1051.85 8.80E-02 0.00332
1052.94 8.80E-02 0.00332
1052.94 8.80E-02 0.00332
1052.94 8.80E-02 0.00332
1054.03 8.80E-02 0.00332
1054.03 8.80E-02 0.00332
1055.12 8.80E-02 0.00332
1055.12 8.60E-02 0.00327
1055.12 8.60E-02 0.00327
1056.2 8.80E-02 0.00332
1056.2 8.80E-02 0.00332
1057.29 8.40E-02 0.00321
1057.29 8.40E-02 0.00321
1057.29 8.80E-02 0.00332
1058.38 8.80E-02 0.00332
1058.38 8.60E-02 0.00327
1059.47 8.60E-02 0.00327
1059.47 8.40E-02 0.00321
1059.47 8.40E-02 0.00321
1060.56 8.60E-02 0.00327
1060.56 8.60E-02 0.00327
1061.64 8.60E-02 0.00327
1061.64 8.60E-02 0.00327
1061.64 8.20E-02 0.00315
1062.73 8.20E-02 0.00315
1062.73 8.60E-02 0.00327
1063.82 8.60E-02 0.00327
1063.82 8.40E-02 0.00321
1063.82 8.40E-02 0.00321
1064.91 8.60E-02 0.00327
1064.91 8.60E-02 0.00327
1065.99 8.40E-02 0.00321
1065.99 8.40E-02 0.00321
1065.99 8.40E-02 0.00321
1067.08 8.40E-02 0.00321
1067.08 8.20E-02 0.00315
1068.17 8.20E-02 0.00315
1068.17 8.20E-02 0.00315
1068.17 8.20E-02 0.00315
1069.26 8.20E-02 0.00315
1069.26 8.20E-02 0.00315
1070.35 8.20E-02 0.00315
1070.35 8.20E-02 0.00315
1070.35 8.20E-02 0.00315
1071.43 8.20E-02 0.00315
1071.43 8.20E-02 0.00315
1072.52 8.20E-02 0.00315
1072.52 8.40E-02 0.00321
1072.52 8.40E-02 0.00321
1073.61 8.00E-02 0.00309
1073.61 8.00E-02 0.00309
1074.7 8.20E-02 0.00315
1074.7 8.20E-02 0.00315
1074.7 8.00E-02 0.00309
1075.78 8.00E-02 0.00309
1075.78 8.00E-02 0.00309
1076.87 8.00E-02 0.00309
1076.87 8.00E-02 0.00309
1076.87 8.00E-02 0.00309
1077.96 8.00E-02 0.00309
1077.96 8.00E-02 0.00309
1079.05 8.00E-02 0.00309
1079.05 8.00E-02 0.00309
1079.05 7.80E-02 0.00303
1080.13 7.80E-02 0.00303
1080.13 7.80E-02 0.00303
1081.22 7.80E-02 0.00303
1081.22 7.80E-02 0.00303
1081.22 7.80E-02 0.00303
1082.31 7.80E-02 0.00303
1082.31 7.80E-02 0.00303
1083.4 7.60E-02 0.00297
1083.4 7.60E-02 0.00297
1083.4 7.80E-02 0.00303
1084.49 7.80E-02 0.00303
1084.49 7.60E-02 0.00297
1085.57 7.60E-02 0.00297
1085.57 7.60E-02 0.00297
1085.57 7.60E-02 0.00297
1086.66 7.60E-02 0.00297
1086.66 7.60E-02 0.00297
1087.75 7.60E-02 0.00297
1087.75 7.60E-02 0.00297
1087.75 7.60E-02 0.00297
1088.84 7.60E-02 0.00297
1088.84 7.60E-02 0.00297
1089.92 7.60E-02 0.00297
1089.92 7.60E-02 0.00297
1089.92 7.60E-02 0.00297
1091.01 7.40E-02 0.00291
1091.01 7.40E-02 0.00291
1092.1 7.40E-02 0.00291
1092.1 7.40E-02 0.00291
1092.1 7.60E-02 0.00297
1093.19 7.60E-02 0.00297
1093.19 7.40E-02 0.00291
1094.28 7.40E-02 0.00291
1094.28 7.60E-02 0.00297
1094.28 7.60E-02 0.00297
1095.36 7.40E-02 0.00291
1095.36 7.40E-02 0.00291
1096.45 7.40E-02 0.00291
1096.45 7.40E-02 0.00291
1096.45 7.40E-02 0.00291
1097.54 7.40E-02 0.00291
1097.54 7.20E-02 0.00285
1098.63 7.20E-02 0.00285
1098.63 7.20E-02 0.00285
1098.63 7.20E-02 0.00285
1099.71 7.20E-02 0.00285
1099.71 7.20E-02 0.00285
1100.8 7.20E-02 0.00285
1100.8 7.20E-02 0.00285
1100.8 7.20E-02 0.00285
1101.89 7.20E-02 0.00285
1101.89 7.20E-02 0.00285
1102.98 7.20E-02 0.00285
1102.98 7.20E-02 0.00285
1102.98 7.20E-02 0.00285
1104.07 7.20E-02 0.00285
1104.07 7.20E-02 0.00285
1105.15 6.80E-02 0.00273
1105.15 6.80E-02 0.00273
1105.15 7.00E-02 0.00279
1106.24 7.00E-02 0.00279
1106.24 7.20E-02 0.00285
1107.33 7.20E-02 0.00285
1107.33 6.80E-02 0.00273
1107.33 6.80E-02 0.00273
1108.42 6.80E-02 0.00273
1108.42 6.80E-02 0.00273
1109.5 6.80E-02 0.00273
1109.5 6.80E-02 0.00273
1109.94 6.80E-02 0.00273
1110.37 6.80E-02 0.00273
1110.81 7.00E-02 0.00279
1111.24 7.00E-02 0.00279
1111.68 7.00E-02 0.00279
1112.11 7.00E-02 0.00279
1112.55 7.00E-02 0.00279
1112.98 7.00E-02 0.00279
1113.42 7.20E-02 0.00285
1113.85 7.20E-02 0.00285
1114.29 6.80E-02 0.00273
1114.73 6.80E-02 0.00273
1115.16 6.80E-02 0.00273
1115.6 6.80E-02 0.00273
1116.03 6.80E-02 0.00273
1116.47 6.80E-02 0.00273
1116.9 7.00E-02 0.00279
1117.34 7.00E-02 0.00279
1117.77 6.80E-02 0.00273
1118.21 6.80E-02 0.00273
1118.64 6.60E-02 0.00267
1119.08 6.60E-02 0.00267
1119.51 6.60E-02 0.00267
1119.95 6.60E-02 0.00267
1120.38 6.80E-02 0.00273
1120.82 6.80E-02 0.00273
1121.25 6.60E-02 0.00267
1121.69 6.60E-02 0.00267
1122.12 6.80E-02 0.00273
1122.56 6.80E-02 0.00273
1122.99 6.60E-02 0.00267
1123.43 6.60E-02 0.00267
1123.86 6.40E-02 0.00261
1124.3 6.40E-02 0.00261
1124.73 6.60E-02 0.00267
1125.17 6.60E-02 0.00267
1125.6 6.60E-02 0.00267
1126.04 6.60E-02 0.00267
1126.47 6.40E-02 0.00261
1126.91 6.40E-02 0.00261
1127.34 6.40E-02 0.00261
1127.78 6.40E-02 0.00261
1128.21 6.60E-02 0.00267
1128.65 6.60E-02 0.00267
1129.08 6.40E-02 0.00261
1129.52 6.40E-02 0.00261
1129.95 6.40E-02 0.00261
1130.39 6.40E-02 0.00261
1130.82 6.60E-02 0.00267
1131.26 6.60E-02 0.00267
1131.69 6.40E-02 0.00261
1132.13 6.40E-02 0.00261
1132.56 6.40E-02 0.00261
1133 6.40E-02 0.00261
1133.43 6.20E-02 0.00255
1133.87 6.20E-02 0.00255
1134.3 6.20E-02 0.00255
1134.74 6.20E-02 0.00255
1135.17 6.40E-02 0.00261
1135.61 6.40E-02 0.00261
1136.05 6.40E-02 0.00261
1136.48 6.40E-02 0.00261
1136.92 6.20E-02 0.00255
1137.35 6.20E-02 0.00255
1137.79 6.40E-02 0.00261
1138.22 6.40E-02 0.00261
1138.66 6.00E-02 0.00249
1139.09 6.00E-02 0.00249
1139.53 6.40E-02 0.00261
1139.96 6.40E-02 0.00261
1140.4 6.20E-02 0.00255
1140.83 6.20E-02 0.00255
1141.27 6.00E-02 0.00249
1141.7 6.00E-02 0.00249
1142.14 6.00E-02 0.00249
1142.57 6.00E-02 0.00249
1143.01 6.00E-02 0.00249
1143.44 6.00E-02 0.00249
1143.88 5.80E-02 0.00243
1144.31 5.80E-02 0.00243
1144.75 6.40E-02 0.00261
1145.18 6.40E-02 0.00261
1145.62 5.80E-02 0.00243
1146.05 5.80E-02 0.00243
1146.49 5.60E-02 0.00237
1146.92 5.60E-02 0.00237
1147.36 6.00E-02 0.00249
1147.79 6.00E-02 0.00249
1148.23 6.00E-02 0.00249
1148.66 6.00E-02 0.00249
1149.1 6.00E-02 0.00249
1149.53 6.00E-02 0.00249
1149.97 5.80E-02 0.00243
1150.4 5.80E-02 0.00243
1150.84 5.80E-02 0.00243
1151.27 5.80E-02 0.00243
1151.71 6.00E-02 0.00249
1152.14 6.00E-02 0.00249
1152.58 5.80E-02 0.00243
1153.01 5.80E-02 0.00243
1153.45 5.80E-02 0.00243
1153.88 5.80E-02 0.00243
1154.32 5.80E-02 0.00243
1154.75 5.80E-02 0.00243
1155.19 5.80E-02 0.00243
1155.62 5.80E-02 0.00243
1156.06 5.80E-02 0.00243
1156.49 5.80E-02 0.00243
1156.93 5.60E-02 0.00237
1157.36 5.60E-02 0.00237
1157.8 5.60E-02 0.00237
1158.24 5.60E-02 0.00237
1158.67 5.80E-02 0.00243
1159.11 5.80E-02 0.00243
1159.54 5.60E-02 0.00237
1159.98 5.60E-02 0.00237
1160.41 5.80E-02 0.00243
1160.85 5.80E-02 0.00243
1161.28 5.60E-02 0.00237
1161.72 5.60E-02 0.00237
1162.15 5.80E-02 0.00243
1162.59 5.80E-02 0.00243
1163.02 5.80E-02 0.00243
1163.46 5.80E-02 0.00243
1163.89 5.60E-02 0.00237
1164.33 5.60E-02 0.00237
1164.76 5.60E-02 0.00237
1165.2 5.60E-02 0.00237
1165.63 5.60E-02 0.00237
1166.07 5.60E-02 0.00237
1166.5 5.60E-02 0.00237
1166.94 5.60E-02 0.00237
1167.37 5.60E-02 0.00237
1167.81 5.60E-02 0.00237
1168.24 5.60E-02 0.00237
1168.68 5.60E-02 0.00237
1169.11 5.60E-02 0.00237
1169.55 5.60E-02 0.00237
1169.98 5.60E-02 0.00237
1170.42 5.60E-02 0.00237
1170.85 5.60E-02 0.00237
1171.29 5.60E-02 0.00237
1171.72 5.60E-02 0.00237
1172.16 5.60E-02 0.00237
1172.59 5.60E-02 0.00237
1173.03 5.60E-02 0.00237
1173.46 5.40E-02 0.00231
1173.9 5.40E-02 0.00231
1174.33 5.40E-02 0.00231
1174.77 5.40E-02 0.00231
1175.2 5.40E-02 0.00231
1175.64 5.40E-02 0.00231
1176.07 5.60E-02 0.00237
1176.51 5.60E-02 0.00237
1176.94 5.40E-02 0.00231
1177.38 5.40E-02 0.00231
1177.81 5.40E-02 0.00231
1178.25 5.40E-02 0.00231
1178.68 5.20E-02 0.00225
1179.12 5.20E-02 0.00225
1179.56 5.20E-02 0.00225
1179.99 5.20E-02 0.00225
1180.43 5.20E-02 0.00225
1180.86 5.20E-02 0.00225
1181.3 5.20E-02 0.00225
1181.73 5.20E-02 0.00225
1182.17 5.00E-02 0.00219
1182.6 5.00E-02 0.00219
1183.04 5.60E-02 0.00237
1183.47 5.60E-02 0.00237
1183.91 5.20E-02 0.00225
1184.34 5.20E-02 0.00225
1184.78 5.20E-02 0.00225
1185.21 5.20E-02 0.00225
1185.65 5.20E-02 0.00225
1186.08 5.20E-02 0.00225
1186.52 5.60E-02 0.00237
1186.95 5.60E-02 0.00237
1187.39 5.20E-02 0.00225
1187.82 5.20E-02 0.00225
1188.26 5.40E-02 0.00231
1188.69 5.40E-02 0.00231
1189.13 5.20E-02 0.00225
1189.56 5.20E-02 0.00225
1190 5.20E-02 0.00225
1190.43 5.20E-02 0.00225
1190.87 5.20E-02 0.00225
1191.3 5.20E-02 0.00225
1191.74 5.20E-02 0.00225
1192.17 5.20E-02 0.00225
1192.61 5.00E-02 0.00219
1193.04 5.00E-02 0.00219
1193.48 5.20E-02 0.00225
1193.91 5.20E-02 0.00225
1194.35 5.20E-02 0.00225
1194.78 5.20E-02 0.00225
1195.22 5.20E-02 0.00225
1195.65 5.20E-02 0.00225
1196.09 5.00E-02 0.00219
1196.52 5.00E-02 0.00219
1196.96 5.00E-02 0.00219
1197.39 5.00E-02 0.00219
1197.83 5.00E-02 0.00219
1198.26 5.00E-02 0.00219
1198.7 4.80E-02 0.00213
1199.13 4.80E-02 0.00213
1199.57 5.00E-02 0.00219
1200 5.00E-02 0.00219
1200.44 5.00E-02 0.00219
1200.87 5.00E-02 0.00219
1201.31 5.00E-02 0.00219
1201.75 5.00E-02 0.00219
1202.18 5.00E-02 0.00219
1202.62 5.00E-02 0.00219
1203.05 5.00E-02 0.00219
1203.49 5.00E-02 0.00219
1203.92 4.80E-02 0.00213
1204.36 4.80E-02 0.00213
1204.79 5.00E-02 0.00219
1205.23 5.00E-02 0.00219
1205.66 5.00E-02 0.00219
1206.1 5.00E-02 0.00219
1206.53 4.80E-02 0.00213
1206.97 4.80E-02 0.00213
1207.4 4.80E-02 0.00213
1207.84 4.80E-02 0.00213
1208.27 4.60E-02 0.00207
1208.71 4.60E-02 0.00207
1209.14 4.60E-02 0.00207
1209.58 4.60E-02 0.00207
1210.01 4.60E-02 0.00207
1210.45 4.60E-02 0.00207
1210.88 4.60E-02 0.00207
1211.32 4.60E-02 0.00207
1211.75 4.60E-02 0.00207
1212.19 4.60E-02 0.00207
1212.62 4.80E-02 0.00213
1213.06 4.80E-02 0.00213
1213.49 4.60E-02 0.00207
1213.93 4.60E-02 0.00207
1214.36 4.40E-02 0.00201
1214.8 4.40E-02 0.00201
1215.23 4.80E-02 0.00213
1215.67 4.80E-02 0.00213
1216.1 4.80E-02 0.00213
1216.54 4.80E-02 0.00213
1216.97 4.60E-02 0.00207
1217.41 4.60E-02 0.00207
1217.84 4.40E-02 0.00201
1218.28 4.40E-02 0.00201
1218.71 4.40E-02 0.00201
1219.15 4.40E-02 0.00201
1219.58 4.40E-02 0.00201
1220.02 4.40E-02 0.00201
1220.45 4.40E-02 0.00201
1220.89 4.40E-02 0.00201
1221.32 4.40E-02 0.00201
1221.76 4.40E-02 0.00201
1222.19 4.40E-02 0.00201
1222.63 4.40E-02 0.00201
1223.06 4.40E-02 0.00201
1223.5 4.40E-02 0.00201
1223.94 4.60E-02 0.00207
1224.37 4.60E-02 0.00207
1224.81 4.40E-02 0.00201
1225.24 4.40E-02 0.00201
1225.68 4.60E-02 0.00207
1226.11 4.60E-02 0.00207
1226.55 4.60E-02 0.00207
1226.98 4.60E-02 0.00207
1227.42 4.60E-02 0.00207
1227.85 4.60E-02 0.00207
1228.29 4.40E-02 0.00201
1228.72 4.40E-02 0.00201
1229.16 4.40E-02 0.00201
1229.59 4.40E-02 0.00201
1230.03 4.20E-02 0.00195
1230.46 4.20E-02 0.00195
1230.9 4.20E-02 0.00195
1231.33 4.20E-02 0.00195
1231.77 4.40E-02 0.00201
1232.2 4.40E-02 0.00201
1232.64 4.20E-02 0.00195
1233.07 4.20E-02 0.00195
1233.51 4.40E-02 0.00201
1233.94 4.40E-02 0.00201
1234.38 4.40E-02 0.00201
1234.81 4.40E-02 0.00201
1235.25 4.20E-02 0.00195
1235.68 4.20E-02 0.00195
1236.12 4.20E-02 0.00195
1236.55 4.20E-02 0.00195
1236.99 4.20E-02 0.00195
1237.42 4.20E-02 0.00195
1237.86 4.00E-02 0.00189
1238.29 4.00E-02 0.00189
1238.73 4.20E-02 0.00195
1239.16 4.20E-02 0.00195
1239.6 4.00E-02 0.00189
1240.03 4.00E-02 0.00189
1240.47 4.00E-02 0.00189
1240.9 4.00E-02 0.00189
1241.34 4.00E-02 0.00189
1241.77 4.00E-02 0.00189
1242.21 4.20E-02 0.00195
1242.64 4.20E-02 0.00195
1243.08 4.00E-02 0.00189
1243.51 4.00E-02 0.00189
1243.95 4.00E-02 0.00189
1244.38 4.00E-02 0.00189
1244.82 4.00E-02 0.00189
1245.26 4.00E-02 0.00189
1245.69 4.00E-02 0.00189
1246.13 4.00E-02 0.00189
1246.56 4.00E-02 0.00189
1247 4.00E-02 0.00189
1247.43 4.00E-02 0.00189
1247.87 4.00E-02 0.00189
1248.3 4.00E-02 0.00189
1248.74 4.00E-02 0.00189
1249.17 4.00E-02 0.00189
1249.61 4.00E-02 0.00189
1250.04 3.80E-02 0.00182
1250.48 3.80E-02 0.00182
1250.91 3.80E-02 0.00182
1251.35 3.80E-02 0.00182
1251.78 3.80E-02 0.00182
1252.22 3.80E-02 0.00182
1252.65 3.80E-02 0.00182
1253.09 3.80E-02 0.00182
1253.52 4.00E-02 0.00189
1253.96 4.00E-02 0.00189
1254.39 3.60E-02 0.00176
1254.83 3.60E-02 0.00176
1255.26 3.80E-02 0.00182
1255.7 3.80E-02 0.00182
1256.13 3.60E-02 0.00176
1256.57 3.60E-02 0.00176
1257 3.80E-02 0.00182
1257.44 3.80E-02 0.00182
1257.87 3.60E-02 0.00176
1258.31 3.60E-02 0.00176
1258.74 3.60E-02 0.00176
1259.18 3.60E-02 0.00176
1259.61 3.60E-02 0.00176
1260.05 3.60E-02 0.00176
1260.48 3.60E-02 0.00176
1260.92 3.60E-02 0.00176
1261.35 3.60E-02 0.00176
1261.79 3.60E-02 0.00176
1262.22 3.80E-02 0.00182
1262.66 3.80E-02 0.00182
1263.09 3.60E-02 0.00176
1263.53 3.60E-02 0.00176
1263.96 3.60E-02 0.00176
1264.4 3.60E-02 0.00176
1264.83 3.60E-02 0.00176
1265.27 3.60E-02 0.00176
1265.7 3.60E-02 0.00176
1266.14 3.60E-02 0.00176
1266.57 3.60E-02 0.00176
1267.01 3.60E-02 0.00176
1267.45 3.60E-02 0.00176
1267.88 3.60E-02 0.00176
1268.32 3.60E-02 0.00176
1268.75 3.60E-02 0.00176
1269.19 3.60E-02 0.00176
1269.62 3.60E-02 0.00176
1270.06 3.40E-02 0.00171
1270.49 3.40E-02 0.00171
1270.93 3.40E-02 0.00171
1271.36 3.40E-02 0.00171
1271.8 3.40E-02 0.00171
1272.23 3.40E-02 0.00171
1272.67 3.60E-02 0.00176
1273.1 3.60E-02 0.00176
1273.54 3.40E-02 0.00171
1273.97 3.40E-02 0.00171
1274.41 3.40E-02 0.00171
1274.84 3.40E-02 0.00171
1275.28 3.40E-02 0.00171
1275.71 3.40E-02 0.00171
1276.15 3.40E-02 0.00171
1276.58 3.40E-02 0.00171
1277.02 3.40E-02 0.00171
1277.45 3.40E-02 0.00171
1277.89 3.20E-02 0.00165
1278.32 3.20E-02 0.00165
1278.76 3.40E-02 0.00171
1279.19 3.40E-02 0.00171
1279.63 3.20E-02 0.00165
1280.06 3.20E-02 0.00165
1280.5 3.20E-02 0.00165
1280.93 3.20E-02 0.00165
1281.37 3.20E-02 0.00165
1281.8 3.20E-02 0.00165
1282.24 3.40E-02 0.00171
1282.67 3.40E-02 0.00171
1283.11 3.20E-02 0.00165
1283.54 3.20E-02 0.00165
1283.98 3.20E-02 0.00165
1284.41 3.20E-02 0.00165
1284.85 3.20E-02 0.00165
1285.28 3.20E-02 0.00165
1285.72 3.20E-02 0.00165
1286.15 3.20E-02 0.00165
1286.59 3.20E-02 0.00165
1287.02 3.20E-02 0.00165
1287.46 3.00E-02 0.00158
1287.89 3.00E-02 0.00158
1288.33 3.20E-02 0.00165
1288.77 3.20E-02 0.00165
1289.2 3.20E-02 0.00165
1289.64 3.20E-02 0.00165
1290.07 3.20E-02 0.00165
1290.51 3.20E-02 0.00165
1290.94 3.00E-02 0.00158
1291.38 3.00E-02 0.00158
1291.81 3.00E-02 0.00158
1292.25 3.00E-02 0.00158
1292.68 2.80E-02 0.00153
1293.12 2.80E-02 0.00153
1293.55 3.20E-02 0.00165
1293.99 3.20E-02 0.00165
1294.42 3.20E-02 0.00165
1294.86 3.20E-02 0.00165
1295.29 2.80E-02 0.00153
1295.73 2.80E-02 0.00153
1296.16 2.80E-02 0.00153
1296.6 2.80E-02 0.00153
1297.03 3.00E-02 0.00158
1297.47 3.00E-02 0.00158
1297.9 3.00E-02 0.00158
1298.34 3.00E-02 0.00158
1298.77 2.80E-02 0.00153
1299.21 2.80E-02 0.00153
1299.64 2.80E-02 0.00153
1300.08 2.80E-02 0.00153
1300.51 2.80E-02 0.00153
1300.95 2.80E-02 0.00153
1301.38 2.80E-02 0.00153
1301.82 2.80E-02 0.00153
1302.25 2.80E-02 0.00153
1302.69 2.80E-02 0.00153
1303.12 2.80E-02 0.00153
1303.56 2.80E-02 0.00153
1303.99 2.80E-02 0.00153
1304.43 2.80E-02 0.00153
1304.86 2.60E-02 0.00146
1305.3 2.60E-02 0.00146
1305.73 3.00E-02 0.00158
1306.17 3.00E-02 0.00158
1306.6 3.00E-02 0.00158
1307.04 3.00E-02 0.00158
1307.47 3.00E-02 0.00158
1307.91 3.00E-02 0.00158
1308.34 2.80E-02 0.00153
1308.78 2.80E-02 0.00153
1309.21 2.80E-02 0.00153
1309.65 2.80E-02 0.00153
1310.08 2.60E-02 0.00146
1310.52 2.60E-02 0.00146
1310.96 2.80E-02 0.00153
1311.39 2.80E-02 0.00153
1311.83 2.60E-02 0.00146
1312.26 2.60E-02 0.00146
1312.7 2.80E-02 0.00153
1313.13 2.80E-02 0.00153
1313.57 2.80E-02 0.00153
1314 2.80E-02 0.00153
1314.44 2.60E-02 0.00146
1314.87 2.60E-02 0.00146
1315.31 2.60E-02 0.00146
1315.74 2.60E-02 0.00146
1316.18 2.80E-02 0.00153
1316.61 2.80E-02 0.00153
1317.05 2.60E-02 0.00146
1317.48 2.60E-02 0.00146
1317.92 3.00E-02 0.00158
1318.35 3.00E-02 0.00158
1318.79 2.80E-02 0.00153
1319.22 2.80E-02 0.00153
1319.66 2.40E-02 0.00141
1320.09 2.40E-02 0.00141
1320.53 2.40E-02 0.00141
1320.96 2.40E-02 0.00141
1321.4 2.40E-02 0.00141
1321.83 2.40E-02 0.00141
1322.27 2.80E-02 0.00153
1322.7 2.80E-02 0.00153
1323.14 2.60E-02 0.00146
1323.57 2.60E-02 0.00146
1324.01 2.40E-02 0.00141
1324.44 2.40E-02 0.00141
1324.88 2.40E-02 0.00141
1325.31 2.40E-02 0.00141
1325.75 2.40E-02 0.00141
1326.18 2.40E-02 0.00141
1326.62 2.60E-02 0.00146
1327.05 2.60E-02 0.00146
1327.05 2.40E-02 0.00141
1328.14 2.40E-02 0.00141
1328.14 2.40E-02 0.00141
1329.23 2.40E-02 0.00141
1329.23 2.40E-02 0.00141
1329.23 2.40E-02 0.00141
1330.32 2.40E-02 0.00141
1330.32 2.40E-02 0.00141
1331.4 2.40E-02 0.00141
1331.4 2.40E-02 0.00141
1331.4 2.40E-02 0.00141
1332.49 2.40E-02 0.00141
1332.49 2.40E-02 0.00141
1333.58 2.40E-02 0.00141
1333.58 2.40E-02 0.00141
1333.58 2.40E-02 0.00141
1334.67 2.40E-02 0.00141
1334.67 2.40E-02 0.00141
1335.76 2.60E-02 0.00146
1335.76 2.60E-02 0.00146
1335.76 2.40E-02 0.00141
1336.84 2.40E-02 0.00141
1336.84 2.40E-02 0.00141
1337.93 2.40E-02 0.00141
1337.93 2.40E-02 0.00141
1337.93 2.40E-02 0.00141
1339.02 2.40E-02 0.00141
1339.02 2.40E-02 0.00141
1340.11 2.80E-02 0.00153
1340.11 2.80E-02 0.00153
1340.11 2.60E-02 0.00146
1341.19 2.60E-02 0.00146
1341.19 2.40E-02 0.00141
1342.28 2.40E-02 0.00141
1342.28 2.40E-02 0.00141
1342.28 2.40E-02 0.00141
1343.37 2.40E-02 0.00141
1343.37 2.40E-02 0.00141
1344.46 2.40E-02 0.00141
1344.46 2.40E-02 0.00141
1344.46 2.40E-02 0.00141
1345.55 2.40E-02 0.00141
1345.55 2.20E-02 0.00135
1346.63 2.20E-02 0.00135
1346.63 2.40E-02 0.00141
1346.63 2.40E-02 0.00141
1347.72 2.40E-02 0.00141
1347.72 2.40E-02 0.00141
1348.81 2.40E-02 0.00141
1348.81 2.40E-02 0.00141
1348.81 2.40E-02 0.00141
1349.9 2.40E-02 0.00141
1349.9 2.40E-02 0.00141
1350.98 2.40E-02 0.00141
1350.98 2.40E-02 0.00141
1350.98 2.40E-02 0.00141
1352.07 2.40E-02 0.00141
1352.07 2.40E-02 0.00141
1353.16 2.40E-02 0.00141
1353.16 2.40E-02 0.00141
1353.16 2.40E-02 0.00141
1354.25 2.40E-02 0.00141
1354.25 2.60E-02 0.00146
1355.34 2.60E-02 0.00146
1355.34 2.40E-02 0.00141
1355.34 2.40E-02 0.00141
1356.42 2.40E-02 0.00141
1356.42 2.40E-02 0.00141
1357.51 2.40E-02 0.00141
1357.51 2.40E-02 0.00141
1357.51 2.40E-02 0.00141
1358.6 2.40E-02 0.00141
1358.6 2.40E-02 0.00141
1359.69 2.40E-02 0.00141
1359.69 2.20E-02 0.00135
1359.69 2.20E-02 0.00135
1360.77 2.40E-02 0.00141
1360.77 2.40E-02 0.00141
1361.86 2.40E-02 0.00141
1361.86 2.40E-02 0.00141
1361.86 2.40E-02 0.00141
1362.95 2.40E-02 0.00141
1362.95 2.40E-02 0.00141
1364.04 2.40E-02 0.00141
1364.04 2.40E-02 0.00141
1364.04 2.40E-02 0.00141
1365.12 2.40E-02 0.00141
1365.12 2.40E-02 0.00141
1366.21 2.20E-02 0.00135
1366.21 2.20E-02 0.00135
1366.21 2.20E-02 0.00135
1367.3 2.20E-02 0.00135
1367.3 2.20E-02 0.00135
1368.39 2.20E-02 0.00135
1368.39 2.40E-02 0.00141
1368.39 2.40E-02 0.00141
1369.48 2.40E-02 0.00141
1369.48 2.40E-02 0.00141
1370.56 2.40E-02 0.00141
1370.56 2.40E-02 0.00141
1370.56 2.20E-02 0.00135
1371.65 2.20E-02 0.00135
1371.65 2.40E-02 0.00141
1372.74 2.40E-02 0.00141
1372.74 2.20E-02 0.00135
1372.74 2.20E-02 0.00135
1373.83 2.00E-02 0.00127
1373.83 2.00E-02 0.00127
1374.91 2.20E-02 0.00135
1374.91 2.20E-02 0.00135
1374.91 2.20E-02 0.00135
1376 2.20E-02 0.00135
1376 2.20E-02 0.00135
1377.09 2.20E-02 0.00135
1377.09 2.20E-02 0.00135
1377.09 2.20E-02 0.00135
1378.18 2.00E-02 0.00127
1378.18 2.00E-02 0.00127
1379.27 2.20E-02 0.00135
1379.27 2.20E-02 0.00135
1379.27 2.00E-02 0.00127
1380.35 2.00E-02 0.00127
1380.35 2.00E-02 0.00127
1381.44 2.00E-02 0.00127
1381.44 2.00E-02 0.00127
1381.44 2.00E-02 0.00127
1382.53 2.00E-02 0.00127
1382.53 2.00E-02 0.00127
1383.62 2.00E-02 0.00127
1383.62 2.00E-02 0.00127
1383.62 2.00E-02 0.00127
1384.7 2.00E-02 0.00127
1384.7 2.00E-02 0.00127
1385.79 2.00E-02 0.00127
1385.79 2.00E-02 0.00127
1385.79 2.00E-02 0.00127
1386.88 2.00E-02 0.00127
1386.88 2.00E-02 0.00127
1387.97 2.00E-02 0.00127
1387.97 2.00E-02 0.00127
1387.97 2.00E-02 0.00127
1389.06 2.00E-02 0.00127
1389.06 2.00E-02 0.00127
1390.14 2.00E-02 0.00127
1390.14 2.00E-02 0.00127
1390.14 2.00E-02 0.00127
1391.23 2.00E-02 0.00127
1391.23 2.00E-02 0.00127
1392.32 2.00E-02 0.00127
1392.32 2.00E-02 0.00127
1392.32 2.00E-02 0.00127
1393.41 2.00E-02 0.00127
1393.41 2.00E-02 0.00127
1394.49 2.00E-02 0.00127
1394.49 2.20E-02 0.00135
1394.49 2.20E-02 0.00135
1395.58 2.00E-02 0.00127
1395.58 2.00E-02 0.00127
1396.67 2.20E-02 0.00135
1396.67 2.20E-02 0.00135
1396.67 1.80E-02 0.00123
1397.76 1.80E-02 0.00123
1397.76 1.80E-02 0.00123
1398.85 1.80E-02 0.00123
1398.85 2.00E-02 0.00127
1398.85 2.00E-02 0.00127
1399.93 2.00E-02 0.00127
1399.93 2.00E-02 0.00127
1401.02 2.00E-02 0.00127
1401.02 2.00E-02 0.00127
1401.02 2.00E-02 0.00127
1402.11 2.00E-02 0.00127
1402.11 2.00E-02 0.00127
1403.2 2.00E-02 0.00127
1403.2 2.00E-02 0.00127
1403.2 2.00E-02 0.00127
1404.28 2.00E-02 0.00127
1404.28 2.00E-02 0.00127
1405.37 2.00E-02 0.00127
1405.37 2.00E-02 0.00127
1405.37 1.80E-02 0.00123
1406.46 1.80E-02 0.00123
1406.46 2.00E-02 0.00127
1407.55 2.00E-02 0.00127
1407.55 2.00E-02 0.00127
1407.55 2.00E-02 0.00127
1408.63 1.80E-02 0.00123
1408.63 1.80E-02 0.00123
1409.72 2.00E-02 0.00127
1409.72 2.00E-02 0.00127
1409.72 2.00E-02 0.00127
1410.81 2.00E-02 0.00127
1410.81 1.80E-02 0.00123
1411.9 1.80E-02 0.00123
1411.9 2.00E-02 0.00127
1411.9 2.00E-02 0.00127
1412.99 1.80E-02 0.00123
1412.99 1.80E-02 0.00123
1414.07 1.80E-02 0.00123
1414.07 1.80E-02 0.00123
1414.07 2.00E-02 0.00127
1415.16 2.00E-02 0.00127
1415.16 1.80E-02 0.00123
1416.25 1.80E-02 0.00123
1416.25 2.00E-02 0.00127
1416.25 2.00E-02 0.00127
1417.34 1.80E-02 0.00123
1417.34 1.80E-02 0.00123
1418.42 2.00E-02 0.00127
1418.42 2.00E-02 0.00127
1418.42 2.00E-02 0.00127
1419.51 2.00E-02 0.00127
1419.51 1.80E-02 0.00123
1420.6 1.80E-02 0.00123
1420.6 1.80E-02 0.00123
1420.6 1.80E-02 0.00123
1421.69 1.80E-02 0.00123
1421.69 1.80E-02 0.00123
1422.78 1.60E-02 0.00117
1422.78 1.60E-02 0.00117
1422.78 2.00E-02 0.00127
1423.86 2.00E-02 0.00127
1423.86 1.80E-02 0.00123
1424.95 1.80E-02 0.00123
1424.95 1.60E-02 0.00117
1424.95 1.60E-02 0.00117
1426.04 1.80E-02 0.00123
1426.04 1.80E-02 0.00123
1427.13 1.80E-02 0.00123
1427.13 1.80E-02 0.00123
1427.13 1.60E-02 0.00117
1428.21 1.60E-02 0.00117
1428.21 1.80E-02 0.00123
1429.3 1.80E-02 0.00123
1429.3 1.80E-02 0.00123
1429.3 1.80E-02 0.00123
1430.39 1.80E-02 0.00123
1430.39 1.80E-02 0.00123
1431.48 1.80E-02 0.00123
1431.48 1.80E-02 0.00123
1431.48 1.80E-02 0.00123
1432.57 1.80E-02 0.00123
1432.57 1.80E-02 0.00123
1433.65 1.80E-02 0.00123
1433.65 1.60E-02 0.00117
1433.65 1.60E-02 0.00117
1434.74 1.80E-02 0.00123
1434.74 1.80E-02 0.00123
1435.83 1.80E-02 0.00123
1435.83 1.80E-02 0.00123
1435.83 1.80E-02 0.00123
1436.92 1.80E-02 0.00123
1436.92 1.60E-02 0.00117
1438 1.60E-02 0.00117
1438 1.60E-02 0.00117
1438 1.60E-02 0.00117
1439.09 1.60E-02 0.00117
1439.09 1.60E-02 0.00117
1440.18 1.80E-02 0.00123
1440.18 1.80E-02 0.00123
1440.18 1.80E-02 0.00123
1441.27 1.80E-02 0.00123
1441.27 1.60E-02 0.00117
1442.36 1.60E-02 0.00117
1442.36 1.80E-02 0.00123
1442.36 1.80E-02 0.00123
1443.44 1.80E-02 0.00123
1443.44 1.80E-02 0.00123
1444.53 1.80E-02 0.00123
1444.53 1.80E-02 0.00123
1444.53 1.60E-02 0.00117
1445.62 1.60E-02 0.00117
1445.62 1.60E-02 0.00117
1446.71 1.60E-02 0.00117
1446.71 1.80E-02 0.00123
1446.71 1.80E-02 0.00123
1447.79 1.60E-02 0.00117
1447.79 1.60E-02 0.00117
1448.88 1.60E-02 0.00117
1448.88 1.60E-02 0.00117
1448.88 1.60E-02 0.00117
1449.97 1.60E-02 0.00117
1449.97 1.60E-02 0.00117
1451.06 1.60E-02 0.00117
1451.06 1.60E-02 0.00117
1451.06 1.60E-02 0.00117
1452.14 1.80E-02 0.00123
1452.14 1.80E-02 0.00123
1453.23 1.60E-02 0.00117
1453.23 1.60E-02 0.00117
1453.23 1.60E-02 0.00117
1454.32 1.60E-02 0.00117
1454.32 1.60E-02 0.00117
1455.41 1.60E-02 0.00117
1455.41 1.60E-02 0.00117
1455.41 1.60E-02 0.00117
1456.5 1.80E-02 0.00123
1456.5 1.80E-02 0.00123
1457.58 1.60E-02 0.00117
1457.58 1.60E-02 0.00117
1457.58 1.60E-02 0.00117
1458.67 1.60E-02 0.00117
1458.67 1.80E-02 0.00123
1459.76 1.80E-02 0.00123
1459.76 1.60E-02 0.00117
1459.76 1.60E-02 0.00117
1460.85 1.60E-02 0.00117
1460.85 1.60E-02 0.00117
1461.93 1.60E-02 0.00117
1461.93 1.60E-02 0.00117
1461.93 1.60E-02 0.00117
1463.02 1.60E-02 0.00117
1463.02 1.60E-02 0.00117
1464.11 1.60E-02 0.00117
1464.11 1.60E-02 0.00117
1464.11 1.60E-02 0.00117
1465.2 1.60E-02 0.00117
1465.2 1.60E-02 0.00117
1466.29 1.60E-02 0.00117
1466.29 1.60E-02 0.00117
1466.29 1.60E-02 0.00117
1467.37 1.60E-02 0.00117
1467.37 1.60E-02 0.00117
1468.46 1.60E-02 0.00117
1468.46 1.60E-02 0.00117
1468.46 1.60E-02 0.00117
1469.55 1.60E-02 0.00117
1469.55 1.60E-02 0.00117
1470.64 1.80E-02 0.00123
1470.64 1.80E-02 0.00123
1470.64 1.60E-02 0.00117
1471.72 1.60E-02 0.00117
1471.72 1.60E-02 0.00117
1472.81 1.60E-02 0.00117
1472.81 1.60E-02 0.00117
1472.81 1.60E-02 0.00117
1473.9 1.80E-02 0.00123
1473.9 1.80E-02 0.00123
1474.99 1.80E-02 0.00123
1474.99 1.80E-02 0.00123
1474.99 1.60E-02 0.00117
1476.08 1.60E-02 0.00117
1476.08 1.60E-02 0.00117
1477.16 1.60E-02 0.00117
1477.16 1.60E-02 0.00117
1477.16 1.60E-02 0.00117
1478.25 1.80E-02 0.00123
1478.25 1.80E-02 0.00123
1479.34 1.60E-02 0.00117
1479.34 1.60E-02 0.00117
1479.34 1.60E-02 0.00117
1480.43 1.60E-02 0.00117
1480.43 1.60E-02 0.00117
1481.51 1.60E-02 0.00117
1481.51 1.40E-02 0.00111
1481.51 1.40E-02 0.00111
1482.6 1.80E-02 0.00123
1482.6 1.80E-02 0.00123
1483.69 1.80E-02 0.00123
1483.69 1.80E-02 0.00123
1483.69 1.60E-02 0.00117
1484.78 1.60E-02 0.00117
1484.78 1.80E-02 0.00123
1485.87 1.80E-02 0.00123
1485.87 1.60E-02 0.00117
1485.87 1.60E-02 0.00117
1486.95 1.80E-02 0.00123
1486.95 1.80E-02 0.00123
1488.04 1.60E-02 0.00117
1488.04 1.60E-02 0.00117
1488.04 1.60E-02 0.00117
1489.13 1.60E-02 0.00117
1489.13 1.60E-02 0.00117
1490.22 1.60E-02 0.00117
1490.22 1.60E-02 0.00117
1490.22 1.60E-02 0.00117
1491.3 1.80E-02 0.00123
1491.3 1.80E-02 0.00123
1492.39 1.60E-02 0.00117
1492.39 1.60E-02 0.00117
1492.39 1.60E-02 0.00117
1493.48 1.60E-02 0.00117
1493.48 1.60E-02 0.00117
1494.57 1.60E-02 0.00117
1494.57 1.60E-02 0.00117
1494.57 1.60E-02 0.00117
1495.65 1.80E-02 0.00123
1495.65 1.80E-02 0.00123
1496.74 1.60E-02 0.00117
1496.74 1.60E-02 0.00117
1496.74 1.60E-02 0.00117
1497.83 1.60E-02 0.00117
1497.83 1.60E-02 0.00117
1498.92 1.60E-02 0.00117
1498.92 1.60E-02 0.00117
1498.92 1.60E-02 0.00117
1500.01 1.60E-02 0.00117
1500.01 1.60E-02 0.00117
1501.09 1.60E-02 0.00117
1501.09 1.60E-02 0.00117
1501.09 1.60E-02 0.00117
1502.18 1.60E-02 0.00117
1502.18 1.60E-02 0.00117
1503.27 1.60E-02 0.00117
1503.27 1.60E-02 0.00117
1503.27 1.60E-02 0.00117
1504.36 1.60E-02 0.00117
1504.36 1.60E-02 0.00117
1505.44 1.60E-02 0.00117
1505.44 1.60E-02 0.00117
1505.44 1.60E-02 0.00117
1506.53 1.60E-02 0.00117
1506.53 1.80E-02 0.00123
1507.62 1.80E-02 0.00123
1507.62 1.60E-02 0.00117
1507.62 1.60E-02 0.00117
1508.71 1.40E-02 0.00111
1508.71 1.40E-02 0.00111
1509.8 1.60E-02 0.00117
1509.8 1.60E-02 0.00117
1509.8 1.60E-02 0.00117
1510.88 1.60E-02 0.00117
1510.88 1.60E-02 0.00117
1511.97 1.60E-02 0.00117
1511.97 1.60E-02 0.00117
1511.97 1.60E-02 0.00117
1513.06 1.60E-02 0.00117
1513.06 1.60E-02 0.00117
1514.15 1.80E-02 0.00123
1514.15 1.80E-02 0.00123
1514.15 1.60E-02 0.00117
1515.23 1.60E-02 0.00117
1515.23 1.80E-02 0.00123
1516.32 1.80E-02 0.00123
1516.32 1.60E-02 0.00117
1516.32 1.60E-02 0.00117
1517.41 1.80E-02 0.00123
1517.41 1.80E-02 0.00123
1518.5 1.60E-02 0.00117
1518.5 1.60E-02 0.00117
1518.5 1.60E-02 0.00117
1519.59 1.60E-02 0.00117
1519.59 1.60E-02 0.00117
1520.67 1.60E-02 0.00117
1520.67 1.80E-02 0.00123
1520.67 1.80E-02 0.00123
1521.76 1.80E-02 0.00123
1521.76 1.80E-02 0.00123
1522.85 1.60E-02 0.00117
1522.85 1.60E-02 0.00117
1522.85 1.80E-02 0.00123
1523.94 1.80E-02 0.00123
1523.94 1.60E-02 0.00117
1525.02 1.60E-02 0.00117
1525.02 1.60E-02 0.00117
1525.02 1.60E-02 0.00117
1526.11 1.60E-02 0.00117
1526.11 1.60E-02 0.00117
1527.2 1.60E-02 0.00117
1527.2 1.60E-02 0.00117
1527.2 1.60E-02 0.00117
1528.29 1.60E-02 0.00117
1528.29 1.80E-02 0.00123
1529.38 1.80E-02 0.00123
1529.38 1.80E-02 0.00123
1529.38 1.80E-02 0.00123
1530.46 1.80E-02 0.00123
1530.46 1.80E-02 0.00123
1531.55 1.80E-02 0.00123
1531.55 1.80E-02 0.00123
1531.55 1.60E-02 0.00117
1532.64 1.60E-02 0.00117
1532.64 1.80E-02 0.00123
1533.73 1.80E-02 0.00123
1533.73 1.80E-02 0.00123
1533.73 1.80E-02 0.00123
1534.81 1.80E-02 0.00123
1534.81 1.80E-02 0.00123
1535.9 1.60E-02 0.00117
1535.9 1.60E-02 0.00117
1535.9 1.80E-02 0.00123
1536.99 1.80E-02 0.00123
1536.99 1.60E-02 0.00117
1538.08 1.60E-02 0.00117
1538.08 1.80E-02 0.00123
1538.08 1.80E-02 0.00123
1539.16 1.60E-02 0.00117
1539.16 1.60E-02 0.00117
1540.25 1.60E-02 0.00117
1540.25 1.60E-02 0.00117
1540.25 1.80E-02 0.00123
1541.34 1.80E-02 0.00123
1541.34 1.80E-02 0.00123
1542.43 1.80E-02 0.00123
1542.43 1.60E-02 0.00117
1542.43 1.60E-02 0.00117
1543.52 1.60E-02 0.00117
1543.52 1.60E-02 0.00117
1544.6 1.80E-02 0.00123
