0 0 0.0018
0.00419 0 0.0018
0.00838 0 0.0018
0.01256 0 0.0018
0.01675 0 0.0018
0.02094 0 0.0018
0.02513 0 0.0018
0.02931 0 0.0018
0.0335 0 0.0018
0.03769 0 0.0018
0.04188 0 0.0018
0.04607 0 0.0018
0.05025 0 0.0018
0.05444 0 0.0018
0.05863 0 0.0018
0.06282 0 0.0018
0.06701 0 0.0018
0.07119 0 0.0018
0.07538 0 0.0018
0.07957 0 0.0018
0.08376 0 0.0018
0.08794 0 0.0018
0.09213 0 0.0018
0.09632 0 0.0018
0.10051 0 0.0018
0.1047 0 0.0018
0.10888 0 0.0018
0.11307 0 0.0018
0.11726 0 0.0018
0.12145 0 0.0018
0.12563 0 0.0018
0.12982 0 0.0018
0.13401 0 0.0018
0.1382 0 0.0018
0.14239 0 0.0018
0.14657 0 0.0018
0.15076 0 0.0018
0.15495 0 0.0018
0.15914 0 0.0018
0.16333 0 0.0018
0.16751 0 0.0018
0.1717 0 0.0018
0.17589 0 0.0018
0.18008 0.01 0.0021
0.18426 0.01 0.0021
0.18845 0 0.0018
0.19264 0 0.0018
0.19683 0 0.0018
0.20102 0 0.0018
0.2052 0 0.0018
0.20939 0 0.0018
0.21358 0 0.0018
0.21777 0 0.0018
0.22196 0 0.0018
0.22614 0 0.0018
0.23033 0 0.0018
0.23452 0 0.0018
0.23871 0 0.0018
0.24289 0 0.0018
0.24708 0 0.0018
0.25127 0 0.0018
0.25546 0 0.0018
0.25965 0 0.0018
0.26383 0 0.0018
0.26802 0 0.0018
0.27221 0 0.0018
0.2764 0 0.0018
0.28058 0 0.0018
0.28477 0 0.0018
0.28896 0.01 0.0021
0.29315 0.01 0.0021
0.29734 0.01 0.0021
0.30152 0.01 0.0021
0.30571 0.01 0.0021
0.3099 0.01 0.0021
0.31409 0 0.0018
0.31828 0 0.0018
0.32246 0.01 0.0021
0.32665 0.01 0.0021
0.33084 0 0.0018
0.33503 0 0.0018
0.33921 0.01 0.0021
0.3434 0.01 0.0021
0.34759 0.01 0.0021
0.35178 0.01 0.0021
0.35597 0.01 0.0021
0.36015 0.01 0.0021
0.36434 0 0.0018
0.36853 0 0.0018
0.37272 0 0.0018
0.3769 0 0.0018
0.38109 0.01 0.0021
0.38528 0.01 0.0021
0.38947 0.01 0.0021
0.39366 0.01 0.0021
0.39784 0 0.0018
0.40203 0 0.0018
0.40622 0 0.0018
0.41041 0 0.0018
0.4146 0 0.0018
0.41878 0 0.0018
0.42297 0.01 0.0021
0.42716 0.01 0.0021
0.43135 0.01 0.0021
0.43553 0.01 0.0021
0.43972 0.01 0.0021
0.44391 0.01 0.0021
0.4481 0.01 0.0021
0.45229 0.01 0.0021
0.45647 0.01 0.0021
0.46066 0.01 0.0021
0.46485 0.01 0.0021
0.46904 0.01 0.0021
0.47323 0 0.0018
0.47741 0 0.0018
0.4816 0.01 0.0021
0.48579 0.01 0.0021
0.48998 0.01 0.0021
0.49416 0.01 0.0021
0.49835 0.01 0.0021
0.50254 0.01 0.0021
0.50673 0.01 0.0021
0.51092 0.01 0.0021
0.5151 0.01 0.0021
0.51929 0.01 0.0021
0.52348 0 0.0018
0.52767 0 0.0018
0.53185 0.01 0.0021
0.53604 0.01 0.0021
0.54023 0.01 0.0021
0.54442 0.01 0.0021
0.54861 0.01 0.0021
0.55279 0.01 0.0021
0.55698 0.01 0.0021
0.56117 0.01 0.0021
0.56536 0.01 0.0021
0.56955 0.01 0.0021
0.57373 0.01 0.0021
0.57792 0.01 0.0021
0.58211 0.01 0.0021
0.5863 0.01 0.0021
0.59048 0 0.0018
0.59467 0 0.0018
0.59886 0.01 0.0021
0.60305 0.01 0.0021
0.60724 0.01 0.0021
0.61142 0.01 0.0021
0.61561 0.01 0.0021
0.6198 0.01 0.0021
0.62399 0.01 0.0021
0.62817 0.01 0.0021
0.63236 0.01 0.0021
0.63655 0.01 0.0021
0.64074 0.01 0.0021
0.64493 0.01 0.0021
0.64911 0.01 0.0021
0.6533 0.01 0.0021
0.65749 0.01 0.0021
0.66168 0.01 0.0021
0.66587 0.01 0.0021
0.67005 0.01 0.0021
0.67424 0.01 0.0021
0.67843 0.01 0.0021
0.68262 0.01 0.0021
0.6868 0.01 0.0021
0.69099 0.01 0.0021
0.69518 0.01 0.0021
0.69937 0.01 0.0021
0.70356 0.01 0.0021
0.70774 0.01 0.0021
0.71193 0.01 0.0021
0.71612 0.01 0.0021
0.72031 0.01 0.0021
0.7245 0.01 0.0021
0.72868 0.01 0.0021
0.73287 0.01 0.0021
0.73706 0.01 0.0021
0.74125 0.01 0.0021
0.74543 0.01 0.0021
0.74962 0.01 0.0021
0.75381 0.01 0.0021
0.758 0.01 0.0021
0.76219 0.01 0.0021
0.76637 0.01 0.0021
0.77056 0.01 0.0021
0.77475 0.01 0.0021
0.77894 0.01 0.0021
0.78312 0.01 0.0021
0.78731 0.01 0.0021
0.7915 0.01 0.0021
0.79569 0.01 0.0021
0.79988 0.01 0.0021
0.80406 0.01 0.0021
0.80825 0.01 0.0021
0.81244 0.01 0.0021
0.81663 0.01 0.0021
0.82082 0.01 0.0021
0.825 0.01 0.0021
0.82919 0.01 0.0021
0.83338 0.01 0.0021
0.83757 0.01 0.0021
0.84175 0.01 0.0021
0.84594 0.01 0.0021
0.85013 0.01 0.0021
0.85432 0.01 0.0021
0.85851 0.01 0.0021
0.86269 0.01 0.0021
0.86688 0.02 0.0024
0.87107 0.02 0.0024
0.87526 0.01 0.0021
0.87944 0.01 0.0021
0.88363 0.01 0.0021
0.88782 0.01 0.0021
0.89201 0.01 0.0021
0.8962 0.01 0.0021
0.90038 0.01 0.0021
0.90457 0.01 0.0021
0.90876 0.01 0.0021
0.91295 0.01 0.0021
0.91714 0.01 0.0021
0.92132 0.01 0.0021
0.92551 0.01 0.0021
0.9297 0.01 0.0021
0.93389 0.01 0.0021
0.93807 0.01 0.0021
0.94226 0.01 0.0021
0.94645 0.01 0.0021
0.95064 0.01 0.0021
0.95483 0.01 0.0021
0.95901 0.01 0.0021
0.9632 0.01 0.0021
0.96739 0.01 0.0021
0.97158 0.01 0.0021
0.97577 0.02 0.0024
0.97995 0.02 0.0024
0.98414 0.01 0.0021
0.98833 0.01 0.0021
0.99252 0.01 0.0021
0.9967 0.01 0.0021
1.00089 0.01 0.0021
1.00508 0.01 0.0021
1.00927 0.01 0.0021
1.01346 0.01 0.0021
1.01764 0.01 0.0021
1.02183 0.01 0.0021
1.02602 0.01 0.0021
1.03021 0.01 0.0021
1.03439 0.01 0.0021
1.03858 0.01 0.0021
1.04277 0.01 0.0021
1.04696 0.01 0.0021
1.05115 0.01 0.0021
1.05533 0.01 0.0021
1.05952 0.01 0.0021
1.06371 0.01 0.0021
1.0679 0.02 0.0024
1.07209 0.02 0.0024
1.07627 0.02 0.0024
1.08046 0.02 0.0024
1.08465 0.01 0.0021
1.08884 0.01 0.0021
1.09302 0.01 0.0021
1.09721 0.01 0.0021
1.1014 0.02 0.0024
1.10559 0.02 0.0024
1.10978 0.01 0.0021
1.11396 0.01 0.0021
1.11815 0.02 0.0024
1.12234 0.02 0.0024
1.12653 0.02 0.0024
1.13071 0.02 0.0024
1.1349 0.02 0.0024
1.13909 0.02 0.0024
1.14328 0.01 0.0021
1.14747 0.01 0.0021
1.15165 0.01 0.0021
1.15584 0.01 0.0021
1.16003 0.02 0.0024
1.16422 0.02 0.0024
1.16841 0.02 0.0024
1.17259 0.02 0.0024
1.17678 0.01 0.0021
1.18097 0.01 0.0021
1.18516 0.02 0.0024
1.18934 0.02 0.0024
1.19353 0.01 0.0021
1.19772 0.01 0.0021
1.20191 0.02 0.0024
1.2061 0.02 0.0024
1.21028 0.01 0.0021
1.21447 0.01 0.0021
1.21866 0.02 0.0024
1.22285 0.02 0.0024
1.22704 0.01 0.0021
1.23122 0.01 0.0021
1.23541 0.02 0.0024
1.2396 0.02 0.0024
1.24379 0.02 0.0024
1.24797 0.02 0.0024
1.25216 0.02 0.0024
1.25635 0.02 0.0024
1.26054 0.02 0.0024
1.26473 0.02 0.0024
1.26891 0.01 0.0021
1.2731 0.01 0.0021
1.27729 0.02 0.0024
1.28148 0.02 0.0024
1.28566 0.02 0.0024
1.28985 0.02 0.0024
1.29404 0.02 0.0024
1.29823 0.02 0.0024
1.30242 0.02 0.0024
1.3066 0.02 0.0024
1.31079 0.02 0.0024
1.31498 0.02 0.0024
1.31917 0.02 0.0024
1.32336 0.02 0.0024
1.32754 0.02 0.0024
1.33173 0.02 0.0024
1.33592 0.02 0.0024
1.34011 0.02 0.0024
1.34429 0.02 0.0024
1.34848 0.02 0.0024
1.35267 0.02 0.0024
1.35686 0.02 0.0024
1.36105 0.02 0.0024
1.36523 0.02 0.0024
1.36942 0.02 0.0024
1.37361 0.02 0.0024
1.3778 0.02 0.0024
1.38198 0.02 0.0024
1.38617 0.02 0.0024
1.39036 0.02 0.0024
1.39455 0.02 0.0024
1.39874 0.02 0.0024
1.40292 0.02 0.0024
1.40711 0.02 0.0024
1.4113 0.02 0.0024
1.41549 0.02 0.0024
1.41968 0.02 0.0024
1.42386 0.02 0.0024
1.42805 0.02 0.0024
1.43224 0.02 0.0024
1.43643 0.02 0.0024
1.44061 0.02 0.0024
1.4448 0.02 0.0024
1.44899 0.02 0.0024
1.45318 0.02 0.0024
1.45737 0.02 0.0024
1.46155 0.02 0.0024
1.46574 0.02 0.0024
1.46993 0.02 0.0024
1.47412 0.02 0.0024
1.4783 0.02 0.0024
1.48249 0.02 0.0024
1.48668 0.02 0.0024
1.49087 0.02 0.0024
1.49506 0.02 0.0024
1.49924 0.02 0.0024
1.50343 0.01 0.0021
1.50762 0.01 0.0021
1.51181 0.02 0.0024
1.516 0.02 0.0024
1.52018 0.02 0.0024
1.52437 0.02 0.0024
1.52856 0.02 0.0024
1.53275 0.02 0.0024
1.53693 0.02 0.0024
1.54112 0.02 0.0024
1.54531 0.02 0.0024
1.5495 0.02 0.0024
1.55369 0.02 0.0024
1.55787 0.02 0.0024
1.56206 0.02 0.0024
1.56625 0.02 0.0024
1.57044 0.02 0.0024
1.57463 0.02 0.0024
1.57881 0.02 0.0024
1.583 0.02 0.0024
1.58719 0.02 0.0024
1.59138 0.02 0.0024
1.59556 0.02 0.0024
1.59975 0.02 0.0024
1.60394 0.02 0.0024
1.60813 0.02 0.0024
1.61232 0.02 0.0024
1.6165 0.02 0.0024
1.62069 0.02 0.0024
1.62488 0.02 0.0024
1.62907 0.02 0.0024
1.63325 0.02 0.0024
1.63744 0.02 0.0024
1.64163 0.02 0.0024
1.64582 0.02 0.0024
1.65001 0.02 0.0024
1.65419 0.02 0.0024
1.65838 0.02 0.0024
1.66257 0.02 0.0024
1.66676 0.02 0.0024
1.67095 0.02 0.0024
1.67513 0.02 0.0024
1.67932 0.02 0.0024
1.68351 0.02 0.0024
1.6877 0.02 0.0024
1.69188 0.02 0.0024
1.69607 0.02 0.0024
1.70026 0.02 0.0024
1.70445 0.02 0.0024
1.70864 0.02 0.0024
1.71282 0.02 0.0024
1.71701 0.02 0.0024
1.7212 0.02 0.0024
1.72539 0.02 0.0024
1.72957 0.02 0.0024
1.73376 0.02 0.0024
1.73795 0.02 0.0024
1.74214 0.02 0.0024
1.74633 0.02 0.0024
1.75051 0.02 0.0024
1.7547 0.02 0.0024
1.75889 0.02 0.0024
1.76308 0.02 0.0024
1.76727 0.02 0.0024
1.77145 0.02 0.0024
1.77564 0.02 0.0024
1.77983 0.02 0.0024
1.78402 0.02 0.0024
1.7882 0.02 0.0024
1.79239 0.02 0.0024
1.79658 0.02 0.0024
1.80077 0.02 0.0024
1.80496 0.02 0.0024
1.80914 0.02 0.0024
1.81333 0.02 0.0024
1.81752 0.02 0.0024
1.82171 0.02 0.0024
1.8259 0.02 0.0024
1.83008 0.02 0.0024
1.83427 0.02 0.0024
1.83846 0.02 0.0024
1.84265 0.02 0.0024
1.84683 0.02 0.0024
1.85102 0.02 0.0024
1.85521 0.02 0.0024
1.8594 0.02 0.0024
1.86359 0.02 0.0024
1.86777 0.02 0.0024
1.87196 0.03 0.0027
1.87615 0.03 0.0027
1.88034 0.03 0.0027
1.88452 0.03 0.0027
1.88871 0.03 0.0027
1.8929 0.03 0.0027
1.89709 0.03 0.0027
1.90128 0.03 0.0027
1.90546 0.03 0.0027
1.90965 0.03 0.0027
1.91384 0.03 0.0027
1.91803 0.03 0.0027
1.92222 0.03 0.0027
1.9264 0.03 0.0027
1.93059 0.03 0.0027
1.93478 0.03 0.0027
1.93897 0.03 0.0027
1.94315 0.03 0.0027
1.94734 0.04 0.003
1.95153 0.04 0.003
1.95572 0.03 0.0027
1.95991 0.03 0.0027
1.96409 0.04 0.003
1.96828 0.04 0.003
1.97247 0.03 0.0027
1.97666 0.03 0.0027
1.98084 0.04 0.003
1.98503 0.04 0.003
1.98922 0.04 0.003
1.99341 0.04 0.003
1.9976 0.04 0.003
2.00178 0.04 0.003
2.00597 0.04 0.003
2.01016 0.04 0.003
2.01435 0.04 0.003
2.01854 0.04 0.003
2.02272 0.04 0.003
2.02691 0.04 0.003
2.0311 0.04 0.003
2.03529 0.04 0.003
2.03947 0.04 0.003
2.04366 0.04 0.003
2.04785 0.04 0.003
2.05204 0.04 0.003
2.05623 0.04 0.003
2.06041 0.04 0.003
2.0646 0.05 0.0033
2.06879 0.05 0.0033
2.07298 0.04 0.003
2.07717 0.04 0.003
2.08135 0.05 0.0033
2.08554 0.05 0.0033
2.08973 0.05 0.0033
2.09392 0.05 0.0033
2.0981 0.05 0.0033
2.10229 0.05 0.0033
2.10648 0.06 0.0036
2.11067 0.06 0.0036
2.11486 0.06 0.0036
2.11904 0.06 0.0036
2.12323 0.06 0.0036
2.12742 0.06 0.0036
2.13161 0.06 0.0036
2.13579 0.06 0.0036
2.13998 0.06 0.0036
2.14417 0.06 0.0036
2.14836 0.06 0.0036
2.15255 0.06 0.0036
2.15673 0.06 0.0036
2.16092 0.06 0.0036
2.16511 0.07 0.0039
2.1693 0.07 0.0039
2.17349 0.07 0.0039
2.17767 0.07 0.0039
2.18186 0.07 0.0039
2.18605 0.07 0.0039
2.19024 0.07 0.0039
2.19442 0.07 0.0039
2.19861 0.08 0.0042
2.2028 0.08 0.0042
2.20699 0.08 0.0042
2.21118 0.08 0.0042
2.21536 0.08 0.0042
2.21955 0.08 0.0042
2.22374 0.08 0.0042
2.22793 0.08 0.0042
2.23211 0.09 0.0045
2.2363 0.09 0.0045
2.24049 0.09 0.0045
2.24468 0.09 0.0045
2.24887 0.1 0.0048
2.25305 0.1 0.0048
2.25724 0.09 0.0045
2.26143 0.09 0.0045
2.26562 0.1 0.0048
2.26981 0.1 0.0048
2.27399 0.1 0.0048
2.27818 0.1 0.0048
2.28237 0.1 0.0048
2.28656 0.1 0.0048
2.29074 0.11 0.0051
2.29493 0.11 0.0051
2.29912 0.11 0.0051
2.30331 0.11 0.0051
2.3075 0.11 0.0051
2.31168 0.11 0.0051
2.31587 0.12 0.0054
2.32006 0.12 0.0054
2.32425 0.12 0.0054
2.32844 0.12 0.0054
2.33262 0.12 0.0054
2.33681 0.12 0.0054
2.341 0.13 0.0057
2.34519 0.13 0.0057
2.34937 0.13 0.0057
2.35356 0.13 0.0057
2.35775 0.13 0.0057
2.36194 0.13 0.0057
2.36613 0.14 0.006
2.37031 0.14 0.006
2.3745 0.14 0.006
2.37869 0.14 0.006
2.38288 0.14 0.006
2.38706 0.14 0.006
2.39125 0.15 0.0063
2.39544 0.15 0.0063
2.39963 0.15 0.0063
2.40382 0.15 0.0063
2.408 0.15 0.0063
2.41219 0.15 0.0063
2.41638 0.16 0.0066
2.42057 0.16 0.0066
2.42476 0.16 0.0066
2.42894 0.16 0.0066
2.43313 0.16 0.0066
2.43732 0.16 0.0066
2.44151 0.16 0.0066
2.44569 0.16 0.0066
2.44988 0.17 0.0069
2.45407 0.17 0.0069
2.45826 0.17 0.0069
2.46245 0.17 0.0069
2.46663 0.18 0.0072
2.47082 0.18 0.0072
2.47501 0.18 0.0072
2.4792 0.18 0.0072
2.48338 0.18 0.0072
2.48757 0.18 0.0072
2.49176 0.184 0.00732
2.49595 0.184 0.00732
2.50014 0.184 0.00732
2.50432 0.184 0.00732
2.50851 0.188 0.00744
2.5127 0.188 0.00744
2.51689 0.188 0.00744
2.52108 0.188 0.00744
2.52526 0.196 0.00768
2.52945 0.196 0.00768
2.53364 0.196 0.00768
2.53783 0.196 0.00768
2.54201 0.2 0.0078
2.5462 0.2 0.0078
2.55039 0.204 0.00792
2.55458 0.204 0.00792
2.55877 0.208 0.00804
2.56295 0.208 0.00804
2.56714 0.204 0.00792
2.57133 0.204 0.00792
2.57552 0.208 0.00804
2.57971 0.208 0.00804
2.58389 0.212 0.00816
2.58808 0.212 0.00816
2.59227 0.212 0.00816
2.59646 0.212 0.00816
2.60064 0.216 0.00828
2.60483 0.216 0.00828
2.60902 0.216 0.00828
2.61321 0.216 0.00828
2.6174 0.22 0.0084
2.62158 0.22 0.0084
2.62577 0.22 0.0084
2.62996 0.22 0.0084
2.63415 0.228 0.00864
2.63833 0.228 0.00864
2.64252 0.224 0.00852
2.64671 0.224 0.00852
2.6509 0.224 0.00852
2.65509 0.224 0.00852
2.65927 0.224 0.00852
2.66346 0.224 0.00852
2.66765 0.224 0.00852
2.67184 0.224 0.00852
2.67603 0.224 0.00852
2.68021 0.224 0.00852
2.6844 0.228 0.00864
2.68859 0.228 0.00864
2.69278 0.228 0.00864
2.69696 0.228 0.00864
2.70115 0.228 0.00864
2.70534 0.228 0.00864
2.70953 0.228 0.00864
2.71372 0.228 0.00864
2.7179 0.224 0.00852
2.72209 0.224 0.00852
2.72628 0.224 0.00852
2.73047 0.224 0.00852
2.73465 0.224 0.00852
2.73884 0.224 0.00852
2.74303 0.224 0.00852
2.74722 0.224 0.00852
2.75141 0.224 0.00852
2.75559 0.224 0.00852
2.75978 0.22 0.0084
2.76397 0.22 0.0084
2.76816 0.22 0.0084
2.77235 0.22 0.0084
2.77653 0.216 0.00828
2.78072 0.216 0.00828
2.78491 0.216 0.00828
2.7891 0.216 0.00828
2.79328 0.216 0.00828
2.79747 0.216 0.00828
2.80166 0.212 0.00816
2.80585 0.212 0.00816
2.81004 0.208 0.00804
2.81422 0.208 0.00804
2.81841 0.208 0.00804
2.8226 0.208 0.00804
2.82679 0.204 0.00792
2.83097 0.204 0.00792
2.83516 0.196 0.00768
2.83935 0.196 0.00768
2.84354 0.196 0.00768
2.84773 0.196 0.00768
2.85191 0.192 0.00756
2.8561 0.192 0.00756
2.86029 0.192 0.00756
2.86448 0.192 0.00756
2.86867 0.188 0.00744
2.87285 0.188 0.00744
2.87704 0.184 0.00732
2.88123 0.184 0.00732
2.88542 0.184 0.00732
2.8896 0.184 0.00732
2.89379 0.18 0.0072
2.89798 0.18 0.0072
2.90217 0.18 0.0072
2.90636 0.18 0.0072
2.91054 0.17 0.0069
2.91473 0.17 0.0069
2.91892 0.17 0.0069
2.92311 0.17 0.0069
2.9273 0.16 0.0066
2.93148 0.16 0.0066
2.93567 0.16 0.0066
2.93986 0.16 0.0066
2.94405 0.16 0.0066
2.94823 0.16 0.0066
2.95242 0.16 0.0066
2.95661 0.16 0.0066
2.9608 0.15 0.0063
2.96499 0.15 0.0063
2.96917 0.14 0.006
2.97336 0.14 0.006
2.97755 0.14 0.006
2.98174 0.14 0.006
2.98592 0.14 0.006
2.99011 0.14 0.006
2.9943 0.14 0.006
2.99849 0.14 0.006
3.00268 0.13 0.0057
3.00686 0.13 0.0057
3.01105 0.13 0.0057
3.01524 0.13 0.0057
3.01943 0.13 0.0057
3.02362 0.13 0.0057
3.0278 0.12 0.0054
3.03199 0.12 0.0054
3.03618 0.12 0.0054
3.04037 0.12 0.0054
3.04455 0.12 0.0054
3.04874 0.12 0.0054
3.05293 0.12 0.0054
3.05712 0.12 0.0054
3.06131 0.11 0.0051
3.06549 0.11 0.0051
3.06968 0.11 0.0051
3.07387 0.11 0.0051
3.07806 0.1 0.0048
3.08224 0.1 0.0048
3.08643 0.1 0.0048
3.09062 0.1 0.0048
3.09481 0.1 0.0048
3.099 0.1 0.0048
3.10318 0.1 0.0048
3.10737 0.1 0.0048
3.11156 0.1 0.0048
3.11575 0.1 0.0048
3.11994 0.09 0.0045
3.12412 0.09 0.0045
3.12831 0.09 0.0045
3.1325 0.09 0.0045
3.13669 0.09 0.0045
3.14087 0.09 0.0045
3.14506 0.09 0.0045
3.14925 0.09 0.0045
3.15344 0.09 0.0045
3.15763 0.09 0.0045
3.16181 0.08 0.0042
3.166 0.08 0.0042
3.17019 0.08 0.0042
3.17438 0.08 0.0042
3.17857 0.08 0.0042
3.18275 0.08 0.0042
3.18694 0.08 0.0042
3.19113 0.08 0.0042
3.19532 0.08 0.0042
3.1995 0.08 0.0042
3.20369 0.08 0.0042
3.20788 0.08 0.0042
3.21207 0.08 0.0042
3.21626 0.08 0.0042
3.22044 0.09 0.0045
3.22463 0.09 0.0045
3.22882 0.08 0.0042
3.23301 0.08 0.0042
3.23719 0.08 0.0042
3.24138 0.08 0.0042
3.24557 0.08 0.0042
3.24976 0.08 0.0042
3.25395 0.08 0.0042
3.25813 0.08 0.0042
3.26232 0.09 0.0045
3.26651 0.09 0.0045
3.2707 0.09 0.0045
3.27489 0.09 0.0045
3.27907 0.1 0.0048
3.28326 0.1 0.0048
3.28745 0.1 0.0048
3.29164 0.1 0.0048
3.29582 0.1 0.0048
3.30001 0.1 0.0048
3.3042 0.1 0.0048
3.30839 0.1 0.0048
3.31258 0.1 0.0048
3.31676 0.1 0.0048
3.32095 0.11 0.0051
3.32514 0.11 0.0051
3.32933 0.11 0.0051
3.33351 0.11 0.0051
3.3377 0.12 0.0054
3.34189 0.12 0.0054
3.34608 0.12 0.0054
3.35027 0.12 0.0054
3.35445 0.12 0.0054
3.35864 0.12 0.0054
3.36283 0.12 0.0054
3.36702 0.12 0.0054
3.37121 0.13 0.0057
3.37539 0.13 0.0057
3.37958 0.14 0.006
3.38377 0.14 0.006
3.38796 0.14 0.006
3.39214 0.14 0.006
3.39633 0.15 0.0063
3.40052 0.15 0.0063
3.40471 0.16 0.0066
3.4089 0.16 0.0066
3.41308 0.16 0.0066
3.41727 0.16 0.0066
3.42146 0.17 0.0069
3.42565 0.17 0.0069
3.42984 0.18 0.0072
3.43402 0.18 0.0072
3.43821 0.184 0.00732
3.4424 0.184 0.00732
3.44659 0.188 0.00744
3.45077 0.188 0.00744
3.45496 0.2 0.0078
3.45915 0.2 0.0078
3.46334 0.204 0.00792
3.46753 0.204 0.00792
3.47171 0.212 0.00816
3.4759 0.212 0.00816
3.48009 0.22 0.0084
3.48428 0.22 0.0084
3.48846 0.232 0.00876
3.49265 0.232 0.00876
3.49684 0.24 0.009
3.50103 0.24 0.009
3.50522 0.252 0.00936
3.5094 0.252 0.00936
3.51359 0.256 0.00948
3.51778 0.256 0.00948
3.52197 0.264 0.00972
3.52616 0.264 0.00972
3.53034 0.276 0.01008
3.53453 0.276 0.01008
3.53872 0.284 0.01032
3.54291 0.284 0.01032
3.54709 0.292 0.01056
3.55128 0.292 0.01056
3.55547 0.304 0.01092
3.55966 0.304 0.01092
3.56385 0.308 0.01104
3.56803 0.308 0.01104
3.57222 0.32 0.0114
3.57641 0.32 0.0114
3.5806 0.328 0.01164
3.58478 0.328 0.01164
3.58897 0.336 0.01188
3.59316 0.336 0.01188
3.59735 0.348 0.01224
3.60154 0.348 0.01224
3.60572 0.356 0.01248
3.60991 0.356 0.01248
3.6141 0.364 0.01272
3.61829 0.364 0.01272
3.62248 0.372 0.01296
3.62666 0.372 0.01296
3.63085 0.384 0.01332
3.63504 0.384 0.01332
3.63923 0.388 0.01344
3.64341 0.388 0.01344
3.6476 0.396 0.01368
3.65179 0.396 0.01368
3.65598 0.404 0.01392
3.66017 0.404 0.01392
3.66435 0.412 0.01416
3.66854 0.412 0.01416
3.67273 0.424 0.01452
3.67692 0.424 0.01452
3.68111 0.424 0.01452
3.68529 0.424 0.01452
3.68948 0.432 0.01476
3.69367 0.432 0.01476
3.69786 0.44 0.015
3.70204 0.44 0.015
3.70623 0.444 0.01512
3.71042 0.444 0.01512
3.71461 0.452 0.01536
3.7188 0.452 0.01536
3.72298 0.456 0.01548
3.72717 0.456 0.01548
3.73136 0.464 0.01572
3.73555 0.464 0.01572
3.73973 0.468 0.01584
3.74392 0.468 0.01584
3.74811 0.468 0.01584
3.7523 0.468 0.01584
3.75649 0.472 0.01596
3.76067 0.472 0.01596
3.76486 0.476 0.01608
3.76905 0.476 0.01608
3.77324 0.48 0.0162
3.77743 0.48 0.0162
3.78161 0.484 0.01632
3.7858 0.484 0.01632
3.78999 0.488 0.01644
3.79418 0.488 0.01644
3.79836 0.484 0.01632
3.80255 0.484 0.01632
3.80674 0.484 0.01632
3.81093 0.484 0.01632
3.81512 0.484 0.01632
3.8193 0.484 0.01632
3.82349 0.488 0.01644
3.82768 0.488 0.01644
3.83187 0.488 0.01644
3.83605 0.488 0.01644
3.84024 0.488 0.01644
3.84443 0.488 0.01644
3.84862 0.488 0.01644
3.85281 0.488 0.01644
3.85699 0.48 0.0162
3.86118 0.48 0.0162
3.86537 0.484 0.01632
3.86956 0.484 0.01632
3.87375 0.476 0.01608
3.87793 0.476 0.01608
3.88212 0.472 0.01596
3.88631 0.472 0.01596
3.8905 0.472 0.01596
3.89468 0.472 0.01596
3.89887 0.468 0.01584
3.90306 0.468 0.01584
3.90725 0.464 0.01572
3.91144 0.464 0.01572
3.91562 0.464 0.01572
3.91981 0.464 0.01572
3.924 0.456 0.01548
3.92819 0.456 0.01548
3.93237 0.448 0.01524
3.93656 0.448 0.01524
3.94075 0.444 0.01512
3.94494 0.444 0.01512
3.94913 0.44 0.015
3.95331 0.44 0.015
3.9575 0.432 0.01476
3.96169 0.432 0.01476
3.96588 0.424 0.01452
3.97007 0.424 0.01452
3.97425 0.42 0.0144
3.97844 0.42 0.0144
3.98263 0.412 0.01416
3.98682 0.412 0.01416
3.991 0.4 0.0138
3.99519 0.4 0.0138
3.99938 0.396 0.01368
4.00357 0.396 0.01368
4.00776 0.388 0.01344
4.01194 0.388 0.01344
4.01613 0.38 0.0132
4.02032 0.38 0.0132
4.02451 0.376 0.01308
4.0287 0.376 0.01308
4.03288 0.36 0.0126
4.03707 0.36 0.0126
4.04126 0.352 0.01236
4.04545 0.352 0.01236
4.04963 0.344 0.01212
4.05382 0.344 0.01212
4.05801 0.332 0.01176
4.0622 0.332 0.01176
4.06639 0.324 0.01152
4.07057 0.324 0.01152
4.07476 0.32 0.0114
4.07895 0.32 0.0114
4.08314 0.308 0.01104
4.08732 0.308 0.01104
4.09151 0.3 0.0108
4.0957 0.3 0.0108
4.09989 0.296 0.01068
4.10408 0.296 0.01068
4.10826 0.284 0.01032
4.11245 0.284 0.01032
4.11664 0.268 0.00984
4.12083 0.268 0.00984
4.12502 0.264 0.00972
4.1292 0.264 0.00972
4.13339 0.256 0.00948
4.13758 0.256 0.00948
4.14177 0.244 0.00912
4.14595 0.244 0.00912
4.15014 0.236 0.00888
4.15433 0.236 0.00888
4.15852 0.232 0.00876
4.16271 0.232 0.00876
4.16689 0.224 0.00852
4.17108 0.224 0.00852
4.17527 0.212 0.00816
4.17946 0.212 0.00816
4.18364 0.208 0.00804
4.18783 0.208 0.00804
4.19202 0.2 0.0078
4.19621 0.2 0.0078
4.2004 0.192 0.00756
4.20458 0.192 0.00756
4.20877 0.188 0.00744
4.21296 0.188 0.00744
4.21715 0.18 0.0072
4.22134 0.18 0.0072
4.22552 0.18 0.0072
4.22971 0.18 0.0072
4.2339 0.17 0.0069
4.23809 0.17 0.0069
4.24227 0.16 0.0066
4.24646 0.16 0.0066
4.25065 0.15 0.0063
4.25484 0.15 0.0063
4.25903 0.15 0.0063
4.26321 0.15 0.0063
4.2674 0.14 0.006
4.27159 0.14 0.006
4.27578 0.14 0.006
4.27997 0.14 0.006
4.28415 0.14 0.006
4.28834 0.14 0.006
4.29253 0.13 0.0057
4.29672 0.13 0.0057
4.3009 0.12 0.0054
4.30509 0.12 0.0054
4.30928 0.12 0.0054
4.31347 0.12 0.0054
4.31766 0.12 0.0054
4.32184 0.12 0.0054
4.32603 0.11 0.0051
4.33022 0.11 0.0051
4.33441 0.11 0.0051
4.33859 0.11 0.0051
4.34278 0.1 0.0048
4.34697 0.1 0.0048
4.35116 0.1 0.0048
4.35535 0.1 0.0048
4.35953 0.1 0.0048
4.36372 0.1 0.0048
4.36791 0.1 0.0048
4.3721 0.1 0.0048
4.37629 0.09 0.0045
4.38047 0.09 0.0045
4.38466 0.09 0.0045
4.38885 0.09 0.0045
4.39304 0.09 0.0045
4.39722 0.09 0.0045
4.40141 0.08 0.0042
4.4056 0.08 0.0042
4.40979 0.08 0.0042
4.41398 0.08 0.0042
4.41816 0.08 0.0042
4.42235 0.08 0.0042
4.42654 0.08 0.0042
4.43073 0.08 0.0042
4.43491 0.08 0.0042
4.4391 0.08 0.0042
4.44329 0.07 0.0039
4.44748 0.07 0.0039
4.45167 0.07 0.0039
4.45585 0.07 0.0039
4.46004 0.07 0.0039
4.46423 0.07 0.0039
4.46842 0.07 0.0039
4.47261 0.07 0.0039
4.47679 0.07 0.0039
4.48098 0.07 0.0039
4.48517 0.07 0.0039
4.48936 0.07 0.0039
4.49354 0.07 0.0039
4.49773 0.07 0.0039
4.50192 0.07 0.0039
4.50611 0.07 0.0039
4.5103 0.06 0.0036
4.51448 0.06 0.0036
4.51867 0.06 0.0036
4.52286 0.06 0.0036
4.52705 0.06 0.0036
4.53124 0.06 0.0036
4.53542 0.06 0.0036
4.53961 0.06 0.0036
4.5438 0.06 0.0036
4.54799 0.06 0.0036
4.55217 0.06 0.0036
4.55636 0.06 0.0036
4.56055 0.06 0.0036
4.56474 0.06 0.0036
4.56893 0.06 0.0036
4.57311 0.06 0.0036
4.5773 0.06 0.0036
4.58149 0.06 0.0036
4.58568 0.06 0.0036
4.58986 0.06 0.0036
4.59405 0.06 0.0036
4.59824 0.06 0.0036
4.60243 0.06 0.0036
4.60662 0.06 0.0036
4.6108 0.06 0.0036
4.61499 0.06 0.0036
4.61918 0.06 0.0036
4.62337 0.06 0.0036
4.62756 0.06 0.0036
4.63174 0.06 0.0036
4.63593 0.06 0.0036
4.64012 0.06 0.0036
4.64431 0.06 0.0036
4.64849 0.06 0.0036
4.65268 0.06 0.0036
4.65687 0.06 0.0036
4.66106 0.06 0.0036
4.66525 0.06 0.0036
4.66943 0.06 0.0036
4.67362 0.06 0.0036
4.67781 0.06 0.0036
4.682 0.06 0.0036
4.68618 0.06 0.0036
4.69037 0.06 0.0036
4.69456 0.06 0.0036
4.69875 0.06 0.0036
4.70294 0.06 0.0036
4.70712 0.06 0.0036
4.71131 0.06 0.0036
4.7155 0.06 0.0036
4.71969 0.05 0.0033
4.72388 0.05 0.0033
4.72806 0.06 0.0036
4.73225 0.06 0.0036
4.73644 0.06 0.0036
4.74063 0.06 0.0036
4.74481 0.06 0.0036
4.749 0.06 0.0036
4.75319 0.06 0.0036
4.75738 0.06 0.0036
4.76157 0.06 0.0036
4.76575 0.06 0.0036
4.76994 0.06 0.0036
4.77413 0.06 0.0036
4.77832 0.06 0.0036
4.78251 0.06 0.0036
4.78669 0.06 0.0036
4.79088 0.06 0.0036
4.79507 0.06 0.0036
4.79926 0.06 0.0036
4.80344 0.06 0.0036
4.80763 0.06 0.0036
4.81182 0.06 0.0036
4.81601 0.06 0.0036
4.8202 0.06 0.0036
4.82438 0.06 0.0036
4.82857 0.06 0.0036
4.83276 0.06 0.0036
4.83695 0.06 0.0036
4.84113 0.06 0.0036
4.84532 0.06 0.0036
4.84951 0.06 0.0036
4.8537 0.06 0.0036
4.85789 0.06 0.0036
4.86207 0.06 0.0036
4.86626 0.06 0.0036
4.87045 0.06 0.0036
4.87464 0.06 0.0036
4.87883 0.06 0.0036
4.88301 0.06 0.0036
4.8872 0.06 0.0036
4.89139 0.06 0.0036
4.89558 0.06 0.0036
4.89976 0.06 0.0036
4.90395 0.06 0.0036
4.90814 0.06 0.0036
4.91233 0.05 0.0033
4.91652 0.05 0.0033
4.9207 0.06 0.0036
4.92489 0.06 0.0036
4.92908 0.05 0.0033
4.93327 0.05 0.0033
4.93745 0.06 0.0036
4.94164 0.06 0.0036
4.94583 0.06 0.0036
4.95002 0.06 0.0036
4.95421 0.06 0.0036
4.95839 0.06 0.0036
4.96258 0.05 0.0033
4.96677 0.05 0.0033
4.97096 0.06 0.0036
4.97515 0.06 0.0036
4.97933 0.06 0.0036
4.98352 0.06 0.0036
4.98771 0.06 0.0036
4.9919 0.06 0.0036
4.99608 0.06 0.0036
5.00027 0.06 0.0036
5.00446 0.05 0.0033
5.00865 0.05 0.0033
5.01284 0.06 0.0036
5.01702 0.06 0.0036
5.02121 0.06 0.0036
5.0254 0.06 0.0036
5.02959 0.06 0.0036
5.03378 0.06 0.0036
5.03796 0.06 0.0036
5.04215 0.06 0.0036
5.04634 0.06 0.0036
5.05053 0.06 0.0036
5.05471 0.06 0.0036
5.0589 0.06 0.0036
5.06309 0.06 0.0036
5.06728 0.06 0.0036
5.07147 0.06 0.0036
5.07565 0.06 0.0036
5.07984 0.06 0.0036
5.08403 0.06 0.0036
5.08822 0.05 0.0033
5.0924 0.05 0.0033
5.09659 0.06 0.0036
5.10078 0.06 0.0036
5.10497 0.06 0.0036
5.10916 0.06 0.0036
5.11334 0.06 0.0036
5.11753 0.06 0.0036
5.12172 0.06 0.0036
5.12591 0.06 0.0036
5.1301 0.06 0.0036
5.13428 0.06 0.0036
5.13847 0.06 0.0036
5.14266 0.06 0.0036
5.14685 0.06 0.0036
5.15103 0.06 0.0036
5.15522 0.06 0.0036
5.15941 0.06 0.0036
5.1636 0.06 0.0036
5.16779 0.06 0.0036
5.17197 0.06 0.0036
5.17616 0.06 0.0036
5.18035 0.06 0.0036
5.18454 0.06 0.0036
5.18872 0.06 0.0036
5.19291 0.06 0.0036
5.1971 0.06 0.0036
5.20129 0.06 0.0036
5.20548 0.06 0.0036
5.20966 0.06 0.0036
5.21385 0.06 0.0036
5.21804 0.06 0.0036
5.22223 0.06 0.0036
5.22642 0.06 0.0036
5.2306 0.06 0.0036
5.23479 0.06 0.0036
5.23898 0.06 0.0036
5.24317 0.06 0.0036
5.24735 0.06 0.0036
5.25154 0.06 0.0036
5.25573 0.06 0.0036
5.25992 0.06 0.0036
5.26411 0.06 0.0036
5.26829 0.06 0.0036
5.27248 0.06 0.0036
5.27667 0.06 0.0036
5.28086 0.06 0.0036
5.28504 0.06 0.0036
5.28923 0.06 0.0036
5.29342 0.06 0.0036
5.29761 0.06 0.0036
5.3018 0.06 0.0036
5.30598 0.06 0.0036
5.31017 0.06 0.0036
5.31436 0.06 0.0036
5.31855 0.06 0.0036
5.32274 0.06 0.0036
5.32692 0.06 0.0036
5.33111 0.06 0.0036
5.3353 0.06 0.0036
5.33949 0.06 0.0036
5.34367 0.06 0.0036
5.34786 0.06 0.0036
5.35205 0.06 0.0036
5.35624 0.06 0.0036
5.36043 0.06 0.0036
5.36461 0.06 0.0036
5.3688 0.06 0.0036
5.37299 0.06 0.0036
5.37718 0.06 0.0036
5.38137 0.06 0.0036
5.38555 0.06 0.0036
5.38974 0.06 0.0036
5.39393 0.06 0.0036
5.39812 0.06 0.0036
5.4023 0.06 0.0036
5.40649 0.06 0.0036
5.41068 0.06 0.0036
5.41487 0.06 0.0036
5.41906 0.06 0.0036
5.42324 0.06 0.0036
5.42743 0.06 0.0036
5.43162 0.06 0.0036
5.43581 0.06 0.0036
5.43999 0.06 0.0036
5.44418 0.06 0.0036
5.44837 0.06 0.0036
5.45256 0.06 0.0036
5.45675 0.06 0.0036
5.46093 0.06 0.0036
5.46512 0.06 0.0036
5.46931 0.06 0.0036
5.4735 0.06 0.0036
5.47769 0.06 0.0036
5.48187 0.06 0.0036
5.48606 0.06 0.0036
5.49025 0.06 0.0036
5.49444 0.06 0.0036
5.49862 0.06 0.0036
5.50281 0.06 0.0036
5.507 0.06 0.0036
5.51119 0.06 0.0036
5.51538 0.06 0.0036
5.51956 0.06 0.0036
5.52375 0.06 0.0036
5.52794 0.06 0.0036
5.53213 0.06 0.0036
5.53631 0.06 0.0036
5.5405 0.06 0.0036
5.54469 0.06 0.0036
5.54888 0.06 0.0036
5.55307 0.06 0.0036
5.55725 0.07 0.0039
5.56144 0.07 0.0039
5.56563 0.06 0.0036
5.56982 0.06 0.0036
5.57401 0.06 0.0036
5.57819 0.06 0.0036
5.58238 0.06 0.0036
5.58657 0.06 0.0036
5.59076 0.06 0.0036
5.59494 0.06 0.0036
5.59913 0.06 0.0036
5.60332 0.06 0.0036
5.60751 0.06 0.0036
5.6117 0.06 0.0036
5.61588 0.06 0.0036
5.62007 0.06 0.0036
5.62426 0.06 0.0036
5.62845 0.06 0.0036
5.63264 0.07 0.0039
5.63682 0.07 0.0039
5.64101 0.06 0.0036
5.6452 0.06 0.0036
5.64939 0.06 0.0036
5.65357 0.06 0.0036
5.65776 0.06 0.0036
5.66195 0.06 0.0036
5.66614 0.06 0.0036
5.67033 0.06 0.0036
5.67451 0.06 0.0036
5.6787 0.06 0.0036
5.68289 0.06 0.0036
5.68708 0.06 0.0036
5.69126 0.07 0.0039
5.69545 0.07 0.0039
5.69964 0.06 0.0036
5.70383 0.06 0.0036
5.70802 0.06 0.0036
5.7122 0.06 0.0036
5.71639 0.06 0.0036
5.72058 0.06 0.0036
5.72477 0.07 0.0039
5.72896 0.07 0.0039
5.73314 0.06 0.0036
5.73733 0.06 0.0036
5.74152 0.07 0.0039
5.74571 0.07 0.0039
5.74989 0.07 0.0039
5.75408 0.07 0.0039
5.75827 0.06 0.0036
5.76246 0.06 0.0036
5.76665 0.06 0.0036
5.77083 0.06 0.0036
5.77502 0.07 0.0039
5.77921 0.07 0.0039
5.7834 0.06 0.0036
5.78758 0.06 0.0036
5.79177 0.06 0.0036
5.79596 0.06 0.0036
5.80015 0.07 0.0039
5.80434 0.07 0.0039
5.80852 0.07 0.0039
5.81271 0.07 0.0039
5.8169 0.07 0.0039
5.82109 0.07 0.0039
5.82528 0.07 0.0039
5.82946 0.07 0.0039
5.83365 0.07 0.0039
5.83784 0.07 0.0039
5.84203 0.07 0.0039
5.84621 0.07 0.0039
5.8504 0.07 0.0039
5.85459 0.07 0.0039
5.85878 0.07 0.0039
5.86297 0.07 0.0039
5.86715 0.07 0.0039
5.87134 0.07 0.0039
5.87553 0.07 0.0039
5.87972 0.07 0.0039
5.88391 0.07 0.0039
5.88809 0.07 0.0039
5.89228 0.07 0.0039
5.89647 0.07 0.0039
5.90066 0.07 0.0039
5.90484 0.07 0.0039
5.90903 0.07 0.0039
5.91322 0.07 0.0039
5.91741 0.07 0.0039
5.9216 0.07 0.0039
5.92578 0.07 0.0039
5.92997 0.07 0.0039
5.93416 0.07 0.0039
5.93835 0.07 0.0039
5.94253 0.07 0.0039
5.94672 0.07 0.0039
5.95091 0.07 0.0039
5.9551 0.07 0.0039
5.95929 0.07 0.0039
5.96347 0.07 0.0039
5.96766 0.07 0.0039
5.97185 0.07 0.0039
5.97604 0.07 0.0039
5.98023 0.07 0.0039
5.98441 0.08 0.0042
5.9886 0.08 0.0042
5.99279 0.08 0.0042
5.99698 0.08 0.0042
6.00116 0.08 0.0042
6.00535 0.08 0.0042
6.00954 0.07 0.0039
6.01373 0.07 0.0039
6.01792 0.08 0.0042
6.0221 0.08 0.0042
6.02629 0.08 0.0042
6.03048 0.08 0.0042
6.03467 0.08 0.0042
6.03885 0.08 0.0042
6.04304 0.08 0.0042
6.04723 0.08 0.0042
6.05142 0.08 0.0042
6.05561 0.08 0.0042
6.05979 0.08 0.0042
6.06398 0.08 0.0042
6.06817 0.08 0.0042
6.07236 0.08 0.0042
6.07655 0.08 0.0042
6.08073 0.08 0.0042
6.08492 0.09 0.0045
6.08911 0.09 0.0045
6.0933 0.09 0.0045
6.09748 0.09 0.0045
6.10167 0.09 0.0045
6.10586 0.09 0.0045
6.11005 0.1 0.0048
6.11424 0.1 0.0048
6.11842 0.1 0.0048
6.12261 0.1 0.0048
6.1268 0.1 0.0048
6.13099 0.1 0.0048
6.13518 0.1 0.0048
6.13936 0.1 0.0048
6.14355 0.1 0.0048
6.14774 0.1 0.0048
6.15193 0.1 0.0048
6.15611 0.1 0.0048
6.1603 0.11 0.0051
6.16449 0.11 0.0051
6.16868 0.11 0.0051
6.17287 0.11 0.0051
6.17705 0.12 0.0054
6.18124 0.12 0.0054
6.18543 0.12 0.0054
6.18962 0.12 0.0054
6.1938 0.12 0.0054
6.19799 0.12 0.0054
6.20218 0.13 0.0057
6.20637 0.13 0.0057
6.21056 0.13 0.0057
6.21474 0.13 0.0057
6.21893 0.14 0.006
6.22312 0.14 0.006
6.22731 0.14 0.006
6.2315 0.14 0.006
6.23568 0.14 0.006
6.23987 0.14 0.006
6.24406 0.15 0.0063
6.24825 0.15 0.0063
6.25243 0.15 0.0063
6.25662 0.15 0.0063
6.26081 0.16 0.0066
6.265 0.16 0.0066
6.26919 0.16 0.0066
6.27337 0.16 0.0066
6.27756 0.17 0.0069
6.28175 0.17 0.0069
6.28594 0.18 0.0072
6.29012 0.18 0.0072
6.29431 0.18 0.0072
6.2985 0.18 0.0072
6.30269 0.184 0.00732
6.30688 0.184 0.00732
6.31106 0.192 0.00756
6.31525 0.192 0.00756
6.31944 0.196 0.00768
6.32363 0.196 0.00768
6.32782 0.2 0.0078
6.332 0.2 0.0078
6.33619 0.208 0.00804
6.34038 0.208 0.00804
6.34457 0.216 0.00828
6.34875 0.216 0.00828
6.35294 0.224 0.00852
6.35713 0.224 0.00852
6.36132 0.232 0.00876
6.36551 0.232 0.00876
6.36969 0.236 0.00888
6.37388 0.236 0.00888
6.37807 0.24 0.009
6.38226 0.24 0.009
6.38645 0.252 0.00936
6.39063 0.252 0.00936
6.39482 0.256 0.00948
6.39901 0.256 0.00948
6.4032 0.264 0.00972
6.40738 0.264 0.00972
6.41157 0.272 0.00996
6.41576 0.272 0.00996
6.41995 0.28 0.0102
6.42414 0.28 0.0102
6.42832 0.288 0.01044
6.43251 0.288 0.01044
6.4367 0.292 0.01056
6.44089 0.292 0.01056
6.44507 0.3 0.0108
6.44926 0.3 0.0108
6.45345 0.304 0.01092
6.45764 0.304 0.01092
6.46183 0.312 0.01116
6.46601 0.312 0.01116
6.4702 0.316 0.01128
6.47439 0.316 0.01128
6.47858 0.32 0.0114
6.48277 0.32 0.0114
6.48695 0.328 0.01164
6.49114 0.328 0.01164
6.49533 0.332 0.01176
6.49952 0.332 0.01176
6.5037 0.344 0.01212
6.50789 0.344 0.01212
6.51208 0.344 0.01212
6.51627 0.344 0.01212
6.52046 0.352 0.01236
6.52464 0.352 0.01236
6.52883 0.356 0.01248
6.53302 0.356 0.01248
6.53721 0.364 0.01272
6.54139 0.364 0.01272
6.54558 0.364 0.01272
6.54977 0.364 0.01272
6.55396 0.368 0.01284
6.55815 0.368 0.01284
6.56233 0.368 0.01284
6.56652 0.368 0.01284
6.57071 0.38 0.0132
6.5749 0.38 0.0132
6.57909 0.376 0.01308
6.58327 0.376 0.01308
6.58746 0.38 0.0132
6.59165 0.38 0.0132
6.59584 0.38 0.0132
6.60002 0.38 0.0132
6.60421 0.384 0.01332
6.6084 0.384 0.01332
6.61259 0.38 0.0132
6.61678 0.38 0.0132
6.62096 0.384 0.01332
6.62515 0.384 0.01332
6.62934 0.388 0.01344
6.63353 0.388 0.01344
6.63771 0.384 0.01332
6.6419 0.384 0.01332
6.64609 0.388 0.01344
6.65028 0.388 0.01344
6.65447 0.384 0.01332
6.65865 0.384 0.01332
6.66284 0.384 0.01332
6.66703 0.384 0.01332
6.67122 0.384 0.01332
6.67541 0.384 0.01332
6.67959 0.384 0.01332
6.68378 0.384 0.01332
6.68797 0.38 0.0132
6.69216 0.38 0.0132
6.69634 0.38 0.0132
6.70053 0.38 0.0132
6.70472 0.376 0.01308
6.70891 0.376 0.01308
6.7131 0.372 0.01296
6.71728 0.372 0.01296
6.72147 0.372 0.01296
6.72566 0.372 0.01296
6.72985 0.364 0.01272
6.73404 0.364 0.01272
6.73822 0.364 0.01272
6.74241 0.364 0.01272
6.7466 0.356 0.01248
6.75079 0.356 0.01248
6.75497 0.352 0.01236
6.75916 0.352 0.01236
6.76335 0.352 0.01236
6.76754 0.352 0.01236
6.77173 0.344 0.01212
6.77591 0.344 0.01212
6.7801 0.34 0.012
6.78429 0.34 0.012
6.78848 0.332 0.01176
6.79266 0.332 0.01176
6.79685 0.328 0.01164
6.80104 0.328 0.01164
6.80523 0.32 0.0114
6.80942 0.32 0.0114
6.8136 0.316 0.01128
6.81779 0.316 0.01128
6.82198 0.308 0.01104
6.82617 0.308 0.01104
6.83036 0.3 0.0108
6.83454 0.3 0.0108
6.83873 0.296 0.01068
6.84292 0.296 0.01068
6.84711 0.288 0.01044
6.85129 0.288 0.01044
6.85548 0.28 0.0102
6.85967 0.28 0.0102
6.86386 0.276 0.01008
6.86805 0.276 0.01008
6.87223 0.268 0.00984
6.87642 0.268 0.00984
6.88061 0.264 0.00972
6.8848 0.264 0.00972
6.88898 0.256 0.00948
6.89317 0.256 0.00948
6.89736 0.252 0.00936
6.90155 0.252 0.00936
6.90574 0.244 0.00912
6.90992 0.244 0.00912
6.91411 0.24 0.009
6.9183 0.24 0.009
6.92249 0.232 0.00876
6.92668 0.232 0.00876
6.93086 0.22 0.0084
6.93505 0.22 0.0084
6.93924 0.216 0.00828
6.94343 0.216 0.00828
6.94761 0.212 0.00816
6.9518 0.212 0.00816
6.95599 0.204 0.00792
6.96018 0.204 0.00792
6.96437 0.2 0.0078
6.96855 0.2 0.0078
6.97274 0.192 0.00756
6.97693 0.192 0.00756
6.98112 0.188 0.00744
6.98531 0.188 0.00744
6.98949 0.18 0.0072
6.99368 0.18 0.0072
6.99787 0.18 0.0072
7.00206 0.18 0.0072
7.00624 0.18 0.0072
7.01043 0.18 0.0072
7.01462 0.17 0.0069
7.01881 0.17 0.0069
7.023 0.16 0.0066
7.02718 0.16 0.0066
7.03137 0.16 0.0066
7.03556 0.16 0.0066
7.03975 0.16 0.0066
7.04393 0.16 0.0066
7.04812 0.15 0.0063
7.05231 0.15 0.0063
7.0565 0.15 0.0063
7.06069 0.15 0.0063
7.06487 0.14 0.006
7.06906 0.14 0.006
7.07325 0.14 0.006
7.07744 0.14 0.006
7.08163 0.14 0.006
7.08581 0.14 0.006
7.09 0.13 0.0057
7.09419 0.13 0.0057
7.09838 0.13 0.0057
7.10256 0.13 0.0057
7.10675 0.13 0.0057
7.11094 0.13 0.0057
7.11513 0.12 0.0054
7.11932 0.12 0.0054
7.1235 0.12 0.0054
7.12769 0.12 0.0054
7.13188 0.12 0.0054
7.13607 0.12 0.0054
7.14025 0.12 0.0054
7.14444 0.12 0.0054
7.14863 0.11 0.0051
7.15282 0.11 0.0051
7.15701 0.11 0.0051
7.16119 0.11 0.0051
7.16538 0.11 0.0051
7.16957 0.11 0.0051
7.17376 0.11 0.0051
7.17795 0.11 0.0051
7.18213 0.11 0.0051
7.18632 0.11 0.0051
7.19051 0.1 0.0048
7.1947 0.1 0.0048
7.19888 0.1 0.0048
7.20307 0.1 0.0048
7.20726 0.1 0.0048
7.21145 0.1 0.0048
7.21564 0.1 0.0048
7.21982 0.1 0.0048
7.22401 0.1 0.0048
7.2282 0.1 0.0048
7.23239 0.1 0.0048
7.23658 0.1 0.0048
7.24076 0.1 0.0048
7.24495 0.1 0.0048
7.24914 0.1 0.0048
7.25333 0.1 0.0048
7.25751 0.1 0.0048
7.2617 0.1 0.0048
7.26589 0.1 0.0048
7.27008 0.1 0.0048
7.27427 0.1 0.0048
7.27845 0.1 0.0048
7.28264 0.1 0.0048
7.28683 0.1 0.0048
7.29102 0.1 0.0048
7.2952 0.1 0.0048
7.29939 0.09 0.0045
7.30358 0.09 0.0045
7.30777 0.09 0.0045
7.31196 0.09 0.0045
7.31614 0.09 0.0045
7.32033 0.09 0.0045
7.32452 0.09 0.0045
7.32871 0.09 0.0045
7.3329 0.09 0.0045
7.33708 0.09 0.0045
7.34127 0.09 0.0045
7.34546 0.09 0.0045
7.34965 0.09 0.0045
7.35383 0.09 0.0045
7.35802 0.09 0.0045
7.36221 0.09 0.0045
7.3664 0.09 0.0045
7.37059 0.09 0.0045
7.37477 0.09 0.0045
7.37896 0.09 0.0045
7.38315 0.09 0.0045
7.38734 0.09 0.0045
7.39152 0.09 0.0045
7.39571 0.09 0.0045
7.3999 0.09 0.0045
7.40409 0.09 0.0045
7.40828 0.09 0.0045
7.41246 0.09 0.0045
7.41665 0.09 0.0045
7.42084 0.09 0.0045
7.42503 0.09 0.0045
7.42922 0.09 0.0045
7.4334 0.09 0.0045
7.43759 0.09 0.0045
7.44178 0.09 0.0045
7.44597 0.09 0.0045
7.45015 0.09 0.0045
7.45434 0.09 0.0045
7.45853 0.09 0.0045
7.46272 0.09 0.0045
7.46691 0.09 0.0045
7.47109 0.09 0.0045
7.47528 0.09 0.0045
7.47947 0.09 0.0045
7.48366 0.09 0.0045
7.48785 0.09 0.0045
7.49203 0.09 0.0045
7.49622 0.09 0.0045
7.50041 0.09 0.0045
7.5046 0.09 0.0045
7.50878 0.09 0.0045
7.51297 0.09 0.0045
7.51716 0.09 0.0045
7.52135 0.09 0.0045
7.52554 0.08 0.0042
7.52972 0.08 0.0042
7.53391 0.09 0.0045
7.5381 0.09 0.0045
7.54229 0.09 0.0045
7.54647 0.09 0.0045
7.55066 0.09 0.0045
7.55485 0.09 0.0045
7.55904 0.09 0.0045
7.56323 0.09 0.0045
7.56741 0.08 0.0042
7.5716 0.08 0.0042
7.57579 0.09 0.0045
7.57998 0.09 0.0045
7.58417 0.09 0.0045
7.58835 0.09 0.0045
7.59254 0.09 0.0045
7.59673 0.09 0.0045
7.60092 0.09 0.0045
7.6051 0.09 0.0045
7.60929 0.09 0.0045
7.61348 0.09 0.0045
7.61767 0.09 0.0045
7.62186 0.09 0.0045
7.62604 0.09 0.0045
7.63023 0.09 0.0045
7.63442 0.09 0.0045
7.63861 0.09 0.0045
7.64279 0.09 0.0045
7.64698 0.09 0.0045
7.65117 0.09 0.0045
7.65536 0.09 0.0045
7.65955 0.09 0.0045
7.66373 0.09 0.0045
7.66792 0.09 0.0045
7.67211 0.09 0.0045
7.6763 0.09 0.0045
7.68049 0.09 0.0045
7.68467 0.09 0.0045
7.68886 0.09 0.0045
7.69305 0.09 0.0045
7.69724 0.09 0.0045
7.70142 0.09 0.0045
7.70561 0.09 0.0045
7.7098 0.09 0.0045
7.71399 0.09 0.0045
7.71818 0.09 0.0045
7.72236 0.09 0.0045
7.72655 0.09 0.0045
7.73074 0.09 0.0045
7.73493 0.09 0.0045
7.73912 0.09 0.0045
7.7433 0.09 0.0045
7.74749 0.09 0.0045
7.75168 0.09 0.0045
7.75587 0.09 0.0045
7.76005 0.09 0.0045
7.76424 0.09 0.0045
7.76843 0.09 0.0045
7.77262 0.09 0.0045
7.77681 0.09 0.0045
7.78099 0.09 0.0045
7.78518 0.09 0.0045
7.78937 0.09 0.0045
7.79356 0.09 0.0045
7.79774 0.09 0.0045
7.80193 0.09 0.0045
7.80612 0.09 0.0045
7.81031 0.09 0.0045
7.8145 0.09 0.0045
7.81868 0.09 0.0045
7.82287 0.09 0.0045
7.82706 0.09 0.0045
7.83125 0.09 0.0045
7.83544 0.09 0.0045
7.83962 0.09 0.0045
7.84381 0.09 0.0045
7.848 0.09 0.0045
7.85219 0.09 0.0045
7.85637 0.09 0.0045
7.86056 0.09 0.0045
7.86475 0.09 0.0045
7.86894 0.09 0.0045
7.87313 0.09 0.0045
7.87731 0.09 0.0045
7.8815 0.09 0.0045
7.88569 0.09 0.0045
7.88988 0.09 0.0045
7.89406 0.09 0.0045
7.89825 0.09 0.0045
7.90244 0.09 0.0045
7.90663 0.09 0.0045
7.91082 0.09 0.0045
7.915 0.09 0.0045
7.91919 0.09 0.0045
7.92338 0.09 0.0045
7.92757 0.09 0.0045
7.93176 0.09 0.0045
7.93594 0.09 0.0045
7.94013 0.09 0.0045
7.94432 0.09 0.0045
7.94851 0.09 0.0045
7.95269 0.09 0.0045
7.95688 0.09 0.0045
7.96107 0.1 0.0048
7.96526 0.1 0.0048
7.96945 0.09 0.0045
7.97363 0.09 0.0045
7.97782 0.09 0.0045
7.98201 0.09 0.0045
7.9862 0.1 0.0048
7.99038 0.1 0.0048
7.99457 0.09 0.0045
7.99876 0.09 0.0045
8.00295 0.09 0.0045
8.00714 0.09 0.0045
8.01132 0.09 0.0045
8.01551 0.09 0.0045
8.0197 0.1 0.0048
8.02389 0.1 0.0048
8.02808 0.1 0.0048
8.03226 0.1 0.0048
8.03645 0.1 0.0048
8.04064 0.1 0.0048
8.04483 0.09 0.0045
8.04901 0.09 0.0045
8.0532 0.1 0.0048
8.05739 0.1 0.0048
8.06158 0.1 0.0048
8.06577 0.1 0.0048
8.06995 0.1 0.0048
8.07414 0.1 0.0048
8.07833 0.1 0.0048
8.08252 0.1 0.0048
8.08671 0.1 0.0048
8.09089 0.1 0.0048
8.09508 0.09 0.0045
8.09927 0.09 0.0045
8.10346 0.1 0.0048
8.10764 0.1 0.0048
8.11183 0.1 0.0048
8.11602 0.1 0.0048
8.12021 0.1 0.0048
8.1244 0.1 0.0048
8.12858 0.1 0.0048
8.13277 0.1 0.0048
8.13696 0.1 0.0048
8.14115 0.1 0.0048
8.14533 0.1 0.0048
8.14952 0.1 0.0048
8.15371 0.1 0.0048
8.1579 0.1 0.0048
8.16209 0.1 0.0048
8.16627 0.1 0.0048
8.17046 0.1 0.0048
8.17465 0.1 0.0048
8.17884 0.1 0.0048
8.18303 0.1 0.0048
8.18721 0.1 0.0048
8.1914 0.1 0.0048
8.19559 0.1 0.0048
8.19978 0.1 0.0048
8.20396 0.1 0.0048
8.20815 0.1 0.0048
8.21234 0.1 0.0048
8.21653 0.1 0.0048
8.22072 0.1 0.0048
8.2249 0.1 0.0048
8.22909 0.1 0.0048
8.23328 0.1 0.0048
8.23747 0.1 0.0048
8.24165 0.1 0.0048
8.24584 0.1 0.0048
8.25003 0.1 0.0048
8.25422 0.1 0.0048
8.25841 0.1 0.0048
8.26259 0.1 0.0048
8.26678 0.1 0.0048
8.27097 0.1 0.0048
8.27516 0.1 0.0048
8.27935 0.1 0.0048
8.28353 0.1 0.0048
8.28772 0.1 0.0048
8.29191 0.1 0.0048
8.2961 0.1 0.0048
8.30028 0.1 0.0048
8.30447 0.1 0.0048
8.30866 0.1 0.0048
8.31285 0.1 0.0048
8.31704 0.1 0.0048
8.32122 0.1 0.0048
8.32541 0.1 0.0048
8.3296 0.1 0.0048
8.33379 0.1 0.0048
8.33798 0.1 0.0048
8.34216 0.1 0.0048
8.34635 0.11 0.0051
8.35054 0.11 0.0051
8.35473 0.1 0.0048
8.35891 0.1 0.0048
8.3631 0.1 0.0048
8.36729 0.1 0.0048
8.37148 0.1 0.0048
8.37567 0.1 0.0048
8.37985 0.1 0.0048
8.38404 0.1 0.0048
8.38823 0.1 0.0048
8.39242 0.1 0.0048
8.3966 0.1 0.0048
8.40079 0.1 0.0048
8.40498 0.1 0.0048
8.40917 0.1 0.0048
8.41336 0.1 0.0048
8.41754 0.1 0.0048
8.42173 0.1 0.0048
8.42592 0.1 0.0048
8.43011 0.1 0.0048
8.4343 0.1 0.0048
8.43848 0.1 0.0048
8.44267 0.1 0.0048
8.44686 0.1 0.0048
8.45105 0.1 0.0048
8.45523 0.11 0.0051
8.45942 0.11 0.0051
8.46361 0.11 0.0051
8.4678 0.11 0.0051
8.47199 0.11 0.0051
8.47617 0.11 0.0051
8.48036 0.11 0.0051
8.48455 0.11 0.0051
8.48874 0.11 0.0051
8.49292 0.11 0.0051
8.49711 0.11 0.0051
8.5013 0.11 0.0051
8.50549 0.11 0.0051
8.50968 0.11 0.0051
8.51386 0.11 0.0051
8.51805 0.11 0.0051
8.52224 0.12 0.0054
8.52643 0.12 0.0054
8.53062 0.11 0.0051
8.5348 0.11 0.0051
8.53899 0.12 0.0054
8.54318 0.12 0.0054
8.54737 0.12 0.0054
8.55155 0.12 0.0054
8.55574 0.12 0.0054
8.55993 0.12 0.0054
8.56412 0.12 0.0054
8.56831 0.12 0.0054
8.57249 0.12 0.0054
8.57668 0.12 0.0054
8.58087 0.12 0.0054
8.58506 0.12 0.0054
8.58925 0.12 0.0054
8.59343 0.12 0.0054
8.59762 0.13 0.0057
8.60181 0.13 0.0057
8.606 0.13 0.0057
8.61018 0.13 0.0057
8.61437 0.13 0.0057
8.61856 0.13 0.0057
8.62275 0.13 0.0057
8.62694 0.13 0.0057
8.63112 0.13 0.0057
8.63531 0.13 0.0057
8.6395 0.13 0.0057
8.64369 0.13 0.0057
8.64787 0.14 0.006
8.65206 0.14 0.006
8.65625 0.14 0.006
8.66044 0.14 0.006
8.66463 0.14 0.006
8.66881 0.14 0.006
8.673 0.14 0.006
8.67719 0.14 0.006
8.68138 0.14 0.006
8.68557 0.14 0.006
8.68975 0.15 0.0063
8.69394 0.15 0.0063
8.69813 0.15 0.0063
8.70232 0.15 0.0063
8.7065 0.15 0.0063
8.71069 0.15 0.0063
8.71488 0.16 0.0066
8.71907 0.16 0.0066
8.72326 0.16 0.0066
8.72744 0.16 0.0066
8.73163 0.16 0.0066
8.73582 0.16 0.0066
8.74001 0.16 0.0066
8.74419 0.16 0.0066
8.74838 0.16 0.0066
8.75257 0.16 0.0066
8.75676 0.16 0.0066
8.76095 0.16 0.0066
8.76513 0.17 0.0069
8.76932 0.17 0.0069
8.77351 0.17 0.0069
8.7777 0.17 0.0069
8.78189 0.18 0.0072
8.78607 0.18 0.0072
8.79026 0.18 0.0072
8.79445 0.18 0.0072
8.79864 0.18 0.0072
8.80282 0.18 0.0072
8.80701 0.18 0.0072
8.8112 0.18 0.0072
8.81539 0.18 0.0072
8.81958 0.18 0.0072
8.82376 0.18 0.0072
8.82795 0.18 0.0072
8.83214 0.184 0.00732
8.83633 0.184 0.00732
8.84052 0.184 0.00732
8.8447 0.184 0.00732
8.84889 0.188 0.00744
8.85308 0.188 0.00744
8.85727 0.188 0.00744
8.86145 0.188 0.00744
8.86564 0.192 0.00756
8.86983 0.192 0.00756
8.87402 0.196 0.00768
8.87821 0.196 0.00768
8.88239 0.196 0.00768
8.88658 0.196 0.00768
8.89077 0.196 0.00768
8.89496 0.196 0.00768
8.89914 0.2 0.0078
8.90333 0.2 0.0078
8.90752 0.2 0.0078
8.91171 0.2 0.0078
8.9159 0.204 0.00792
8.92008 0.204 0.00792
8.92427 0.204 0.00792
8.92846 0.204 0.00792
8.93265 0.204 0.00792
8.93684 0.204 0.00792
8.94102 0.204 0.00792
8.94521 0.204 0.00792
8.9494 0.208 0.00804
8.95359 0.208 0.00804
8.95777 0.208 0.00804
8.96196 0.208 0.00804
8.96615 0.208 0.00804
8.97034 0.208 0.00804
8.97453 0.212 0.00816
8.97871 0.212 0.00816
8.9829 0.212 0.00816
8.98709 0.212 0.00816
8.99128 0.208 0.00804
8.99546 0.208 0.00804
8.99965 0.212 0.00816
9.00384 0.212 0.00816
9.00803 0.212 0.00816
9.01222 0.212 0.00816
9.0164 0.212 0.00816
9.02059 0.212 0.00816
9.02478 0.208 0.00804
9.02897 0.208 0.00804
9.03316 0.212 0.00816
9.03734 0.212 0.00816
9.04153 0.208 0.00804
9.04572 0.208 0.00804
9.04991 0.208 0.00804
9.05409 0.208 0.00804
9.05828 0.208 0.00804
9.06247 0.208 0.00804
9.06666 0.212 0.00816
9.07085 0.212 0.00816
9.07503 0.212 0.00816
9.07922 0.212 0.00816
9.08341 0.208 0.00804
9.0876 0.208 0.00804
9.09179 0.208 0.00804
9.09597 0.208 0.00804
9.10016 0.204 0.00792
9.10435 0.204 0.00792
9.10854 0.204 0.00792
9.11272 0.204 0.00792
9.11691 0.208 0.00804
9.1211 0.208 0.00804
9.12529 0.2 0.0078
9.12948 0.2 0.0078
9.13366 0.2 0.0078
9.13785 0.2 0.0078
9.14204 0.196 0.00768
9.14623 0.196 0.00768
9.15041 0.196 0.00768
9.1546 0.196 0.00768
9.15879 0.196 0.00768
9.16298 0.196 0.00768
9.16717 0.196 0.00768
9.17135 0.196 0.00768
9.17554 0.192 0.00756
9.17973 0.192 0.00756
9.18392 0.188 0.00744
9.18811 0.188 0.00744
9.19229 0.188 0.00744
9.19648 0.188 0.00744
9.20067 0.188 0.00744
9.20486 0.188 0.00744
9.20904 0.184 0.00732
9.21323 0.184 0.00732
9.21742 0.184 0.00732
9.22161 0.184 0.00732
9.2258 0.18 0.0072
9.22998 0.18 0.0072
9.23417 0.18 0.0072
9.23836 0.18 0.0072
9.24255 0.18 0.0072
9.24673 0.18 0.0072
9.25092 0.18 0.0072
9.25511 0.18 0.0072
9.2593 0.18 0.0072
9.26349 0.18 0.0072
9.26767 0.17 0.0069
9.27186 0.17 0.0069
9.27605 0.17 0.0069
9.28024 0.17 0.0069
9.28443 0.17 0.0069
9.28861 0.17 0.0069
9.2928 0.17 0.0069
9.29699 0.17 0.0069
9.30118 0.16 0.0066
9.30536 0.16 0.0066
9.30955 0.16 0.0066
9.31374 0.16 0.0066
9.31793 0.16 0.0066
9.32212 0.16 0.0066
9.3263 0.16 0.0066
9.33049 0.16 0.0066
9.33468 0.16 0.0066
9.33887 0.16 0.0066
9.34305 0.16 0.0066
9.34724 0.16 0.0066
9.35143 0.15 0.0063
9.35562 0.15 0.0063
9.35981 0.15 0.0063
9.36399 0.15 0.0063
9.36818 0.15 0.0063
9.37237 0.15 0.0063
9.37656 0.15 0.0063
9.38075 0.15 0.0063
9.38493 0.14 0.006
9.38912 0.14 0.006
9.39331 0.14 0.006
9.3975 0.14 0.006
9.40168 0.14 0.006
9.40587 0.14 0.006
9.41006 0.14 0.006
9.41425 0.14 0.006
9.41844 0.14 0.006
9.42262 0.14 0.006
9.42681 0.14 0.006
9.431 0.14 0.006
9.43519 0.14 0.006
9.43938 0.14 0.006
9.44356 0.14 0.006
9.44775 0.14 0.006
9.45194 0.14 0.006
9.45613 0.14 0.006
9.46031 0.13 0.0057
9.4645 0.13 0.0057
9.46869 0.13 0.0057
9.47288 0.13 0.0057
9.47707 0.13 0.0057
9.48125 0.13 0.0057
9.48544 0.13 0.0057
9.48963 0.13 0.0057
9.49382 0.13 0.0057
9.498 0.13 0.0057
9.50219 0.13 0.0057
9.50638 0.13 0.0057
9.51057 0.13 0.0057
9.51476 0.13 0.0057
9.51894 0.13 0.0057
9.52313 0.13 0.0057
9.52732 0.12 0.0054
9.53151 0.12 0.0054
9.5357 0.13 0.0057
9.53988 0.13 0.0057
9.54407 0.13 0.0057
9.54826 0.13 0.0057
9.55245 0.13 0.0057
9.55663 0.13 0.0057
9.56082 0.13 0.0057
9.56501 0.13 0.0057
9.5692 0.12 0.0054
9.57339 0.12 0.0054
9.57757 0.12 0.0054
9.58176 0.12 0.0054
9.58595 0.12 0.0054
9.59014 0.12 0.0054
9.59432 0.12 0.0054
9.59851 0.12 0.0054
9.6027 0.12 0.0054
9.60689 0.12 0.0054
9.61108 0.12 0.0054
9.61526 0.12 0.0054
9.61945 0.12 0.0054
9.62364 0.12 0.0054
9.62783 0.12 0.0054
9.63202 0.12 0.0054
9.6362 0.12 0.0054
9.64039 0.12 0.0054
9.64458 0.12 0.0054
9.64877 0.12 0.0054
9.65295 0.12 0.0054
9.65714 0.12 0.0054
9.66133 0.12 0.0054
9.66552 0.12 0.0054
9.66971 0.12 0.0054
9.67389 0.12 0.0054
9.67808 0.12 0.0054
9.68227 0.12 0.0054
9.68646 0.12 0.0054
9.69065 0.12 0.0054
9.69483 0.12 0.0054
9.69902 0.12 0.0054
9.70321 0.12 0.0054
9.7074 0.12 0.0054
9.71158 0.12 0.0054
9.71577 0.12 0.0054
9.71996 0.12 0.0054
9.72415 0.12 0.0054
9.72834 0.12 0.0054
9.73252 0.12 0.0054
9.73671 0.12 0.0054
9.7409 0.12 0.0054
9.74509 0.12 0.0054
9.74927 0.12 0.0054
9.75346 0.12 0.0054
9.75765 0.12 0.0054
9.76184 0.12 0.0054
9.76603 0.12 0.0054
9.77021 0.12 0.0054
9.7744 0.12 0.0054
9.77859 0.12 0.0054
9.78278 0.12 0.0054
9.78697 0.12 0.0054
9.79115 0.12 0.0054
9.79534 0.12 0.0054
9.79953 0.12 0.0054
9.80372 0.12 0.0054
9.8079 0.12 0.0054
9.81209 0.12 0.0054
9.81628 0.12 0.0054
9.82047 0.12 0.0054
9.82466 0.12 0.0054
9.82884 0.12 0.0054
9.83303 0.12 0.0054
9.83722 0.12 0.0054
9.84141 0.12 0.0054
9.84559 0.12 0.0054
9.84978 0.12 0.0054
9.85397 0.12 0.0054
9.85816 0.12 0.0054
9.86235 0.12 0.0054
9.86653 0.12 0.0054
9.87072 0.12 0.0054
9.87491 0.12 0.0054
9.8791 0.12 0.0054
9.88329 0.12 0.0054
9.88747 0.12 0.0054
9.89166 0.12 0.0054
9.89585 0.12 0.0054
9.90004 0.12 0.0054
9.90422 0.12 0.0054
9.90841 0.12 0.0054
9.9126 0.12 0.0054
9.91679 0.12 0.0054
9.92098 0.12 0.0054
9.92516 0.12 0.0054
9.92935 0.12 0.0054
9.93354 0.12 0.0054
9.93773 0.12 0.0054
9.94192 0.12 0.0054
9.9461 0.12 0.0054
9.95029 0.12 0.0054
9.95448 0.12 0.0054
9.95867 0.12 0.0054
9.96285 0.12 0.0054
9.96704 0.12 0.0054
9.97123 0.12 0.0054
9.97542 0.12 0.0054
9.97961 0.12 0.0054
9.98379 0.12 0.0054
9.98798 0.12 0.0054
9.99217 0.12 0.0054
9.99636 0.12 0.0054
10.00054 0.12 0.0054
